0 0.166406 0.590972 0.029687 0.026389
0 0.225781 0.871528 0.035937 0.040278
0 0.281641 0.578472 0.024219 0.034722
0 0.254297 0.495139 0.017969 0.034722
0 0.013281 0.373611 0.021875 0.019444
0 0.007422 0.452083 0.014844 0.015278
0 0.053906 0.243056 0.021875 0.025000
0 0.171875 0.232639 0.012500 0.026389
0 0.240234 0.026389 0.011719 0.016667
0 0.252344 0.054167 0.012500 0.016667
0 0.267578 0.094444 0.013281 0.022222
0 0.234375 0.117361 0.014062 0.018056
0 0.284766 0.135417 0.011719 0.018056
0 0.301172 0.207639 0.011719 0.020833
0 0.297266 0.168750 0.013281 0.018056
0 0.328125 0.172222 0.018750 0.016667
0 0.349609 0.177778 0.016406 0.019444
0 0.374219 0.170139 0.018750 0.015278
0 0.325781 0.301389 0.020312 0.019444
0 0.405859 0.313889 0.022656 0.022222
0 0.399609 0.165972 0.021094 0.015278
0 0.423047 0.157639 0.019531 0.015278
0 0.451562 0.150694 0.018750 0.018056
0 0.492188 0.136806 0.017188 0.018056
0 0.519141 0.129861 0.017969 0.018056
0 0.526172 0.287500 0.017969 0.022222
0 0.545703 0.344444 0.019531 0.019444
0 0.943750 0.394444 0.025000 0.030556
0 0.732031 0.210417 0.015625 0.018056
0 0.807422 0.177778 0.016406 0.013889
0 0.868750 0.139583 0.017188 0.020833
0 0.981641 0.052778 0.017969 0.011111
0 0.821094 0.125694 0.014062 0.020833
0 0.798437 0.122222 0.015625 0.019444
0 0.705859 0.156250 0.017969 0.018056
0 0.698047 0.195139 0.021094 0.023611
0 0.669531 0.234028 0.015625 0.020833
0 0.627344 0.236806 0.015625 0.020833
0 0.597656 0.209028 0.015625 0.020833
0 0.675781 0.320833 0.017188 0.022222
1 0.208203 0.169444 0.027344 0.025000
1 0.471094 0.252778 0.025000 0.025000
1 0.723828 0.137500 0.021094 0.016667
1 0.764063 0.145139 0.021875 0.020833
1 0.948438 0.055556 0.032812 0.022222
2 0.539062 0.563194 0.062500 0.070833
