1 0.016406 0.599306 0.031250 0.048611
2 0.677344 0.068750 0.015625 0.018056
0 0.051172 0.740278 0.032031 0.041667
0 0.420703 0.691667 0.016406 0.050000
0 0.452734 0.399306 0.017969 0.018056
0 0.732813 0.530556 0.012500 0.038889
0 0.892578 0.297222 0.014844 0.011111
0 0.907422 0.263194 0.017969 0.015278
0 0.796484 0.200694 0.017969 0.015278
0 0.630078 0.127778 0.010156 0.013889
0 0.650781 0.097917 0.009375 0.009722
0 0.588672 0.119444 0.010156 0.011111
0 0.564062 0.168056 0.009375 0.016667
0 0.535937 0.186806 0.012500 0.015278
0 0.485156 0.263889 0.012500 0.019444
