2 0.418750 0.743750 0.029687 0.079167
1 0.437891 0.262500 0.035156 0.052778
1 0.540625 0.185417 0.012500 0.018056
0 0.171094 0.361111 0.021875 0.027778
0 0.119922 0.345139 0.016406 0.023611
0 0.357812 0.500000 0.025000 0.027778
0 0.435547 0.543056 0.027344 0.033333
0 0.434375 0.367361 0.015625 0.026389
0 0.476953 0.215972 0.013281 0.020833
0 0.596484 0.112500 0.010156 0.013889
0 0.701563 0.240972 0.014062 0.018056
0 0.634766 0.218750 0.014844 0.012500
0 0.739453 0.256944 0.017969 0.013889
0 0.778906 0.188194 0.017188 0.015278
0 0.810547 0.205556 0.016406 0.013889
0 0.816016 0.272222 0.022656 0.016667
