0 0.112500 0.628472 0.031250 0.043056
0 0.046484 0.717361 0.030469 0.054167
0 0.242188 0.877083 0.032812 0.031944
0 0.569531 0.628472 0.026563 0.031944
0 0.679297 0.535417 0.027344 0.023611
0 0.720312 0.418750 0.015625 0.034722
0 0.690234 0.331944 0.019531 0.025000
0 0.585156 0.334028 0.023438 0.020833
0 0.575391 0.220833 0.017969 0.019444
0 0.631641 0.175694 0.017969 0.018056
0 0.673047 0.221528 0.016406 0.018056
0 0.812109 0.130556 0.016406 0.019444
0 0.859375 0.097917 0.015625 0.020833
0 0.848047 0.150694 0.021094 0.018056
0 0.901172 0.131944 0.017969 0.011111
0 0.966016 0.097222 0.014844 0.013889
0 0.974219 0.058333 0.015625 0.013889
0 0.932422 0.076389 0.016406 0.019444
0 0.518359 0.215972 0.021094 0.018056
0 0.455859 0.155556 0.017969 0.019444
0 0.434375 0.161806 0.017188 0.018056
0 0.407422 0.170139 0.019531 0.020833
0 0.380469 0.179167 0.018750 0.019444
0 0.355078 0.180556 0.017969 0.019444
0 0.321484 0.178472 0.022656 0.018056
0 0.295703 0.176389 0.010156 0.016667
0 0.277734 0.135417 0.013281 0.015278
0 0.259766 0.086806 0.010156 0.015278
0 0.205078 0.172917 0.019531 0.020833
0 0.183203 0.179861 0.021094 0.023611
0 0.148047 0.204861 0.019531 0.023611
0 0.117969 0.228472 0.020312 0.023611
0 0.019531 0.409722 0.026563 0.025000
0 0.334766 0.291667 0.019531 0.019444
0 0.317578 0.310417 0.027344 0.018056
0 0.267188 0.262500 0.012500 0.022222
0 0.297656 0.217361 0.012500 0.020833
1 0.511719 0.284722 0.020312 0.025000
1 0.057031 0.381250 0.032812 0.026389
1 0.280469 0.209028 0.012500 0.029167
1 0.560938 0.135417 0.023438 0.018056
1 0.895703 0.043750 0.016406 0.015278
2 0.229297 0.012500 0.014844 0.025000
