0 0.119922 0.949306 0.033594 0.051389
0 0.153516 0.951389 0.035156 0.058333
0 0.214062 0.685417 0.026563 0.031944
0 0.175391 0.640278 0.021094 0.033333
0 0.161719 0.427083 0.018750 0.026389
0 0.110547 0.271528 0.019531 0.023611
0 0.323438 0.385417 0.015625 0.031944
0 0.410547 0.343056 0.017969 0.019444
0 0.479688 0.330556 0.017188 0.016667
0 0.527734 0.260417 0.011719 0.015278
0 0.500391 0.863194 0.033594 0.051389
0 0.807031 0.290972 0.014062 0.012500
0 0.583594 0.182639 0.010937 0.012500
0 0.671484 0.117361 0.005469 0.009722
0 0.653906 0.056944 0.006250 0.011111
0 0.623828 0.066667 0.008594 0.011111
0 0.644141 0.027778 0.003906 0.008333
0 0.553125 0.147222 0.007812 0.011111
1 0.689844 0.220833 0.020312 0.013889
2 0.429688 0.417361 0.040625 0.051389
