0 0.458594 0.854861 0.029687 0.045833
0 0.250781 0.376389 0.017188 0.027778
0 0.051953 0.493750 0.019531 0.034722
0 0.060547 0.746528 0.027344 0.048611
0 0.456250 0.318750 0.015625 0.018056
0 0.525000 0.280556 0.014062 0.019444
0 0.609766 0.565278 0.021094 0.025000
0 0.646094 0.348611 0.010937 0.022222
0 0.678906 0.345833 0.010937 0.022222
0 0.729688 0.257639 0.015625 0.018056
0 0.821094 0.254861 0.015625 0.015278
0 0.860937 0.203472 0.012500 0.015278
0 0.888672 0.173611 0.013281 0.011111
0 0.555859 0.163194 0.010156 0.012500
0 0.469531 0.225694 0.010937 0.015278
0 0.425000 0.167361 0.010937 0.012500
0 0.529688 0.141667 0.010937 0.016667
0 0.576172 0.110417 0.010156 0.015278
0 0.609766 0.069444 0.008594 0.011111
2 0.254687 0.509722 0.031250 0.044444
1 0.435937 0.244444 0.028125 0.047222
1 0.518750 0.220139 0.012500 0.018056
