0 0.150781 0.565972 0.023438 0.040278
0 0.029297 0.759028 0.019531 0.040278
0 0.244141 0.700000 0.013281 0.052778
0 0.179688 0.446528 0.012500 0.040278
0 0.168750 0.306944 0.009375 0.030556
0 0.070312 0.246528 0.025000 0.023611
0 0.214062 0.404167 0.010937 0.030556
0 0.232422 0.369444 0.011719 0.027778
0 0.217578 0.108333 0.011719 0.022222
0 0.292578 0.186111 0.010156 0.019444
0 0.291406 0.222917 0.012500 0.020833
0 0.272656 0.266667 0.018750 0.027778
0 0.362891 0.295833 0.022656 0.022222
0 0.355078 0.184722 0.017969 0.019444
0 0.320703 0.184028 0.019531 0.020833
0 0.397656 0.175000 0.017188 0.019444
0 0.431641 0.163194 0.019531 0.020833
0 0.433984 0.315278 0.021094 0.019444
0 0.292578 0.620833 0.024219 0.041667
0 0.491406 0.655556 0.028125 0.041667
0 0.566016 0.585417 0.022656 0.031944
0 0.752344 0.521528 0.026563 0.023611
0 0.662891 0.286806 0.022656 0.020833
0 0.538672 0.324306 0.017969 0.020833
0 0.480469 0.367361 0.021875 0.023611
0 0.436719 0.276389 0.017188 0.019444
0 0.711328 0.207639 0.017969 0.023611
0 0.908203 0.353472 0.019531 0.031944
0 0.892578 0.193056 0.014844 0.016667
0 0.896484 0.070833 0.016406 0.016667
0 0.772656 0.144444 0.015625 0.022222
0 0.762891 0.197222 0.019531 0.022222
0 0.855469 0.160417 0.017188 0.018056
0 0.546875 0.233333 0.015625 0.019444
2 0.227734 0.029167 0.017969 0.030556
1 0.371875 0.719444 0.037500 0.025000
1 0.314063 0.694444 0.035937 0.041667
