0 0.099609 0.833333 0.028906 0.047222
0 0.039062 0.802778 0.031250 0.044444
0 0.044141 0.580556 0.027344 0.036111
0 0.152734 0.375000 0.013281 0.025000
0 0.319922 0.386111 0.014844 0.038889
0 0.095703 0.686111 0.032031 0.047222
0 0.178516 0.612500 0.025781 0.022222
0 0.446484 0.760417 0.019531 0.048611
0 0.760156 0.309028 0.015625 0.018056
0 0.557813 0.300000 0.014062 0.016667
0 0.528516 0.261806 0.013281 0.015278
0 0.466797 0.368056 0.017969 0.022222
0 0.444922 0.370139 0.016406 0.026389
0 0.489844 0.243750 0.012500 0.015278
0 0.618750 0.109028 0.010937 0.015278
0 0.596484 0.090972 0.008594 0.015278
1 0.633984 0.220833 0.019531 0.019444
1 0.462500 0.259722 0.014062 0.022222
