2 0.645312 0.071528 0.015625 0.026389
0 0.689062 0.715972 0.020312 0.037500
0 0.639453 0.539583 0.024219 0.034722
0 0.663281 0.503472 0.018750 0.037500
0 0.689453 0.031944 0.005469 0.008333
0 0.668750 0.012500 0.007812 0.011111
0 0.641016 0.014583 0.008594 0.012500
0 0.621875 0.061111 0.009375 0.011111
0 0.581250 0.092361 0.009375 0.009722
0 0.510547 0.216667 0.011719 0.019444
0 0.520703 0.188889 0.011719 0.016667
0 0.546875 0.151389 0.006250 0.005556
0 0.442969 0.383333 0.014062 0.022222
0 0.177734 0.608333 0.024219 0.033333
0 0.225781 0.471528 0.021875 0.023611
0 0.272266 0.355556 0.014844 0.016667
0 0.320703 0.438889 0.013281 0.027778
0 0.035937 0.286806 0.015625 0.015278
0 0.448047 0.281250 0.013281 0.015278
0 0.466016 0.277778 0.013281 0.019444
0 0.476562 0.231250 0.015625 0.020833
0 0.832031 0.290278 0.021875 0.016667
0 0.902734 0.180556 0.014844 0.019444
0 0.945703 0.202778 0.011719 0.011111
