0 0.084766 0.754167 0.032031 0.038889
0 0.040625 0.904167 0.037500 0.055556
0 0.201172 0.691667 0.030469 0.036111
0 0.423047 0.655556 0.019531 0.041667
0 0.424219 0.520139 0.026563 0.031944
0 0.151172 0.346528 0.011719 0.026389
0 0.115234 0.472222 0.022656 0.030556
0 0.216016 0.304167 0.022656 0.019444
0 0.452734 0.359028 0.019531 0.018056
0 0.399609 0.333333 0.014844 0.019444
0 0.505078 0.385417 0.014844 0.015278
0 0.521484 0.182639 0.013281 0.015278
0 0.451172 0.306250 0.013281 0.018056
0 0.730469 0.352778 0.010937 0.019444
0 0.727734 0.177083 0.014844 0.012500
0 0.938672 0.218750 0.016406 0.015278
0 0.649609 0.086806 0.007031 0.009722
0 0.628125 0.043056 0.007812 0.011111
0 0.547656 0.169444 0.010937 0.016667
0 0.572656 0.171528 0.014062 0.015278
2 0.113281 0.840278 0.082813 0.102778
