2 0.176172 0.165972 0.058594 0.031944
2 0.547266 0.250694 0.049219 0.043056
1 0.498437 0.247222 0.048437 0.033333
1 0.318750 0.261806 0.023438 0.023611
1 0.268750 0.180556 0.035937 0.022222
1 0.683984 0.332639 0.022656 0.034722
1 0.691797 0.113889 0.021094 0.019444
1 0.751953 0.088194 0.021094 0.023611
0 0.154687 0.908333 0.035937 0.038889
0 0.192188 0.611111 0.028125 0.033333
0 0.269922 0.613889 0.033594 0.052778
0 0.435547 0.652778 0.027344 0.033333
0 0.457422 0.605556 0.030469 0.038889
0 0.567187 0.575000 0.025000 0.036111
0 0.602734 0.538194 0.021094 0.026389
0 0.636719 0.452083 0.025000 0.029167
0 0.783984 0.485417 0.032031 0.029167
0 0.810938 0.463889 0.029687 0.044444
0 0.895312 0.577778 0.025000 0.033333
0 0.693750 0.393056 0.015625 0.030556
0 0.641016 0.297917 0.022656 0.023611
0 0.410156 0.354861 0.018750 0.015278
0 0.451562 0.298611 0.018750 0.022222
0 0.437500 0.247222 0.020312 0.016667
0 0.458984 0.208333 0.024219 0.022222
0 0.526953 0.209028 0.016406 0.020833
0 0.547266 0.176389 0.014844 0.013889
0 0.641406 0.161806 0.017188 0.012500
0 0.643750 0.137500 0.020312 0.016667
0 0.771094 0.140278 0.018750 0.019444
0 0.857031 0.107639 0.015625 0.015278
0 0.865234 0.059722 0.011719 0.013889
0 0.839453 0.050000 0.019531 0.011111
0 0.876172 0.029861 0.014844 0.015278
0 0.931641 0.025000 0.016406 0.016667
0 0.946484 0.048611 0.013281 0.016667
0 0.502734 0.118750 0.014844 0.018056
0 0.479297 0.122917 0.019531 0.026389
0 0.451172 0.131250 0.016406 0.018056
0 0.427734 0.141667 0.021094 0.019444
0 0.403125 0.148611 0.015625 0.019444
0 0.380469 0.156250 0.015625 0.018056
0 0.361328 0.163889 0.019531 0.022222
0 0.335156 0.171528 0.020312 0.020833
0 0.242969 0.129861 0.012500 0.020833
0 0.228125 0.105556 0.014062 0.016667
0 0.217969 0.080556 0.012500 0.022222
0 0.210547 0.062500 0.010156 0.016667
0 0.186719 0.134722 0.014062 0.022222
0 0.194531 0.110417 0.014062 0.015278
0 0.176172 0.122917 0.014844 0.023611
