0 0.136328 0.595139 0.024219 0.031944
0 0.063672 0.877778 0.035156 0.041667
0 0.187109 0.913194 0.038281 0.043056
0 0.311719 0.686806 0.035937 0.043056
0 0.357812 0.704861 0.031250 0.026389
0 0.214844 0.406250 0.012500 0.031944
0 0.245312 0.320139 0.015625 0.026389
0 0.217578 0.163889 0.021094 0.016667
0 0.270312 0.227083 0.014062 0.023611
0 0.283984 0.244444 0.016406 0.022222
0 0.294141 0.220833 0.011719 0.022222
0 0.294141 0.186111 0.007031 0.019444
0 0.273047 0.126389 0.011719 0.019444
0 0.224219 0.135417 0.012500 0.020833
0 0.248828 0.075000 0.007031 0.016667
0 0.239063 0.053472 0.010937 0.009722
0 0.233984 0.037500 0.008594 0.013889
0 0.322656 0.181250 0.021875 0.018056
0 0.377734 0.181250 0.016406 0.018056
0 0.432813 0.163889 0.018750 0.022222
0 0.405469 0.172222 0.020312 0.019444
0 0.461719 0.152778 0.017188 0.019444
0 0.415234 0.320833 0.019531 0.025000
0 0.294531 0.366667 0.021875 0.022222
0 0.471875 0.384722 0.023438 0.025000
0 0.464453 0.261806 0.019531 0.020833
0 0.495313 0.238194 0.017188 0.020833
0 0.675781 0.105556 0.017188 0.019444
0 0.751172 0.190278 0.014844 0.016667
0 0.732031 0.163194 0.017188 0.018056
0 0.869141 0.091667 0.016406 0.016667
0 0.883984 0.132639 0.017969 0.020833
0 0.888281 0.197917 0.017188 0.023611
0 0.909766 0.350000 0.021094 0.033333
0 0.821094 0.439583 0.015625 0.034722
0 0.864453 0.530556 0.022656 0.038889
0 0.903906 0.090972 0.018750 0.015278
0 0.948828 0.070833 0.019531 0.019444
0 0.985547 0.134028 0.014844 0.015278
0 0.984375 0.041667 0.014062 0.013889
1 0.773047 0.130556 0.021094 0.025000
1 0.738281 0.133333 0.020312 0.016667
1 0.225000 0.490972 0.017188 0.040278
