2 0.242578 0.185417 0.021094 0.054167
1 0.301953 0.200694 0.036719 0.020833
1 0.422656 0.243750 0.023438 0.023611
1 0.763281 0.088194 0.020312 0.020833
1 0.597266 0.298611 0.024219 0.022222
1 0.911328 0.021528 0.021094 0.018056
0 0.482031 0.134722 0.018750 0.016667
0 0.455078 0.135417 0.016406 0.015278
0 0.433984 0.143056 0.017969 0.019444
0 0.407813 0.151389 0.017188 0.016667
0 0.386328 0.157639 0.017969 0.020833
0 0.366406 0.165278 0.017188 0.019444
0 0.339844 0.173611 0.020312 0.016667
0 0.579297 0.098611 0.019531 0.019444
0 0.524219 0.186806 0.017188 0.015278
0 0.450391 0.218750 0.017969 0.018056
0 0.371094 0.680556 0.028125 0.022222
0 0.484766 0.582639 0.025781 0.031944
0 0.400000 0.740972 0.026563 0.037500
0 0.342187 0.797917 0.032812 0.040278
0 0.065625 0.374306 0.025000 0.023611
0 0.046484 0.707639 0.024219 0.048611
0 0.233594 0.282639 0.015625 0.023611
0 0.277734 0.309722 0.021094 0.022222
0 0.315625 0.288889 0.021875 0.016667
0 0.232422 0.110417 0.010156 0.020833
0 0.222656 0.087500 0.010937 0.016667
0 0.216406 0.068750 0.010937 0.012500
0 0.199609 0.102778 0.008594 0.019444
0 0.193750 0.068750 0.007812 0.018056
0 0.181641 0.045139 0.010156 0.020833
0 0.206641 0.049306 0.011719 0.015278
0 0.533984 0.327083 0.019531 0.015278
0 0.426562 0.296528 0.018750 0.018056
0 0.557031 0.252778 0.021875 0.016667
0 0.655859 0.197222 0.014844 0.016667
0 0.687500 0.440278 0.025000 0.033333
0 0.626172 0.464583 0.024219 0.023611
0 0.730078 0.486111 0.025781 0.019444
0 0.767578 0.391667 0.016406 0.030556
0 0.779688 0.141667 0.014062 0.013889
0 0.766797 0.131944 0.014844 0.013889
0 0.695312 0.144444 0.015625 0.013889
0 0.946875 0.102083 0.014062 0.012500
0 0.880469 0.034722 0.014062 0.013889
0 0.842578 0.075694 0.014844 0.015278
0 0.854297 0.090278 0.014844 0.013889
0 0.970703 0.055556 0.013281 0.013889
