0 0.051172 0.767361 0.024219 0.065278
0 0.142969 0.577778 0.026563 0.044444
0 0.245703 0.683333 0.016406 0.044444
0 0.240625 0.572917 0.021875 0.043056
0 0.241406 0.461806 0.010937 0.012500
0 0.216797 0.430556 0.013281 0.027778
0 0.182422 0.435417 0.014844 0.031944
0 0.252344 0.286806 0.014062 0.026389
0 0.384766 0.708333 0.032031 0.027778
0 0.435156 0.692361 0.029687 0.031944
0 0.393750 0.327778 0.017188 0.019444
0 0.066016 0.401389 0.022656 0.019444
0 0.096484 0.373611 0.022656 0.022222
0 0.258203 0.252778 0.016406 0.022222
0 0.281250 0.247222 0.017188 0.022222
0 0.292578 0.219444 0.011719 0.019444
0 0.142188 0.195139 0.021875 0.023611
0 0.270703 0.129167 0.013281 0.019444
0 0.319141 0.181944 0.021094 0.016667
0 0.351562 0.182639 0.020312 0.015278
0 0.378516 0.181944 0.017969 0.016667
0 0.451562 0.155556 0.020312 0.016667
0 0.480859 0.147222 0.017969 0.019444
0 0.559766 0.267361 0.013281 0.020833
0 0.464453 0.260417 0.019531 0.020833
0 0.216797 0.049306 0.008594 0.018056
0 0.664062 0.299306 0.021875 0.020833
0 0.696875 0.290972 0.020312 0.020833
0 0.775000 0.350000 0.018750 0.027778
0 0.894141 0.332639 0.019531 0.026389
0 0.866797 0.228472 0.013281 0.018056
0 0.735156 0.196528 0.017188 0.018056
0 0.685156 0.156944 0.018750 0.019444
0 0.923047 0.167361 0.017969 0.018056
0 0.805078 0.131944 0.017969 0.019444
0 0.830859 0.106944 0.016406 0.016667
0 0.918750 0.034722 0.015625 0.016667
0 0.982813 0.097222 0.018750 0.019444
0 0.959375 0.093750 0.017188 0.018056
1 0.321094 0.697917 0.034375 0.034722
1 0.833984 0.140278 0.021094 0.016667
2 0.227344 0.023611 0.018750 0.030556
