0 0.021094 0.843750 0.021875 0.056944
0 0.452734 0.737500 0.030469 0.036111
0 0.619531 0.535417 0.023438 0.034722
0 0.715625 0.519444 0.025000 0.025000
0 0.702344 0.446528 0.021875 0.031944
0 0.817969 0.534722 0.029687 0.033333
0 0.757812 0.152083 0.017188 0.018056
0 0.275391 0.125000 0.010156 0.016667
0 0.260547 0.086111 0.010156 0.016667
0 0.248047 0.059028 0.010156 0.015278
0 0.169922 0.267361 0.010156 0.023611
0 0.136328 0.213889 0.019531 0.027778
0 0.092969 0.244444 0.020312 0.022222
0 0.288281 0.240972 0.015625 0.020833
0 0.278906 0.195833 0.009375 0.022222
0 0.236719 0.158333 0.021875 0.016667
0 0.214844 0.129167 0.012500 0.019444
0 0.225781 0.095833 0.012500 0.013889
0 0.718750 0.365278 0.018750 0.036111
0 0.405469 0.308333 0.018750 0.022222
0 0.350781 0.340278 0.021875 0.019444
0 0.337109 0.275000 0.021094 0.019444
0 0.530078 0.237500 0.017969 0.025000
0 0.545703 0.272222 0.021094 0.022222
0 0.614844 0.192361 0.018750 0.018056
0 0.703906 0.170833 0.018750 0.019444
0 0.702344 0.092361 0.015625 0.015278
0 0.456250 0.154861 0.017188 0.018056
0 0.381641 0.177083 0.016406 0.015278
0 0.357031 0.179861 0.018750 0.018056
0 0.314453 0.177778 0.017969 0.016667
0 0.327344 0.193750 0.021875 0.018056
0 0.800000 0.125000 0.017188 0.022222
0 0.896484 0.127083 0.016406 0.015278
0 0.921094 0.084722 0.015625 0.016667
0 0.950781 0.026389 0.017188 0.019444
1 0.199609 0.168750 0.025781 0.023611
1 0.785156 0.180556 0.018750 0.019444
1 0.881641 0.091667 0.014844 0.016667
1 0.886719 0.075000 0.015625 0.016667
1 0.407813 0.181944 0.025000 0.019444
2 0.957812 0.422917 0.064062 0.079167
2 0.230078 0.013889 0.017969 0.025000
