1 0.031641 0.272917 0.032031 0.029167
1 0.132422 0.213889 0.030469 0.027778
1 0.332422 0.189583 0.027344 0.018056
1 0.917578 0.085417 0.021094 0.020833
1 0.488672 0.235417 0.019531 0.018056
1 0.508984 0.215972 0.019531 0.018056
2 0.797266 0.413889 0.061719 0.047222
0 0.140234 0.581250 0.028906 0.043056
0 0.400781 0.684722 0.031250 0.030556
0 0.465625 0.628472 0.031250 0.031944
0 0.552344 0.566667 0.026563 0.038889
0 0.701172 0.520833 0.022656 0.022222
0 0.944141 0.603472 0.030469 0.037500
0 0.758984 0.195833 0.022656 0.016667
0 0.792578 0.174306 0.017969 0.020833
0 0.856250 0.131944 0.015625 0.013889
0 0.923437 0.118750 0.018750 0.018056
0 0.989844 0.042361 0.015625 0.020833
0 0.847266 0.115972 0.019531 0.018056
0 0.735937 0.163194 0.015625 0.018056
0 0.717578 0.156944 0.016406 0.011111
0 0.652344 0.167361 0.018750 0.018056
0 0.748828 0.086111 0.016406 0.016667
0 0.677734 0.100694 0.019531 0.018056
0 0.500781 0.138889 0.017188 0.022222
0 0.430078 0.160417 0.016406 0.018056
0 0.453516 0.153472 0.016406 0.018056
0 0.282813 0.185417 0.018750 0.015278
0 0.291406 0.236806 0.014062 0.026389
0 0.301562 0.203472 0.009375 0.026389
0 0.285156 0.137500 0.010937 0.013889
0 0.277344 0.120139 0.009375 0.015278
0 0.237109 0.154861 0.022656 0.018056
0 0.218750 0.124306 0.014062 0.023611
0 0.241016 0.035417 0.010156 0.020833
0 0.255859 0.068750 0.010156 0.012500
0 0.229297 0.056250 0.008594 0.020833
0 0.176953 0.177778 0.022656 0.027778
0 0.363281 0.350000 0.020312 0.019444
0 0.382812 0.325694 0.018750 0.020833
0 0.367969 0.277778 0.020312 0.019444
