1 0.256250 0.620833 0.028125 0.041667
1 0.336719 0.706250 0.040625 0.034722
1 0.760547 0.171528 0.022656 0.020833
2 0.227344 0.028472 0.017188 0.037500
0 0.241016 0.761111 0.024219 0.055556
0 0.453516 0.685417 0.025781 0.031944
0 0.253906 0.521528 0.018750 0.034722
0 0.070312 0.710417 0.029687 0.056944
0 0.162109 0.526389 0.019531 0.044444
0 0.178125 0.402778 0.014062 0.030556
0 0.223438 0.492361 0.014062 0.040278
0 0.246094 0.303472 0.015625 0.023611
0 0.241406 0.282639 0.018750 0.023611
0 0.174609 0.168750 0.021094 0.023611
0 0.279297 0.251389 0.013281 0.025000
0 0.291406 0.220139 0.012500 0.023611
0 0.292969 0.184028 0.009375 0.020833
0 0.320703 0.183333 0.022656 0.016667
0 0.352734 0.184028 0.019531 0.015278
0 0.382031 0.179861 0.015625 0.015278
0 0.628125 0.304861 0.020312 0.018056
0 0.660937 0.284028 0.020312 0.015278
0 0.755078 0.327778 0.019531 0.027778
0 0.916406 0.366667 0.020312 0.033333
0 0.865234 0.256250 0.013281 0.020833
0 0.667578 0.224306 0.019531 0.020833
0 0.550391 0.230556 0.019531 0.022222
0 0.485938 0.295139 0.023438 0.023611
0 0.455469 0.155556 0.018750 0.019444
0 0.421875 0.166667 0.020312 0.019444
0 0.483203 0.147917 0.019531 0.018056
0 0.305469 0.359028 0.018750 0.023611
0 0.271484 0.129861 0.014844 0.018056
0 0.279297 0.155556 0.010156 0.019444
0 0.082031 0.392361 0.025000 0.029167
0 0.934766 0.607639 0.028906 0.037500
0 0.903516 0.122222 0.017969 0.022222
0 0.862109 0.107639 0.016406 0.018056
0 0.743359 0.133333 0.017969 0.016667
0 0.931250 0.121528 0.020312 0.023611
0 0.886328 0.081944 0.014844 0.019444
