0 0.084375 0.684722 0.028125 0.041667
0 0.150391 0.925694 0.052344 0.023611
0 0.308984 0.846528 0.035156 0.043056
0 0.331250 0.696528 0.032812 0.020833
0 0.271094 0.659028 0.029687 0.031944
0 0.251563 0.306944 0.015625 0.025000
0 0.165625 0.190278 0.020312 0.022222
0 0.224609 0.136111 0.011719 0.022222
0 0.238672 0.049306 0.010156 0.015278
0 0.256250 0.088889 0.009375 0.016667
0 0.272266 0.125000 0.016406 0.022222
0 0.270312 0.184028 0.014062 0.020833
0 0.239063 0.169444 0.017188 0.013889
0 0.324609 0.295139 0.022656 0.020833
0 0.366016 0.339583 0.022656 0.018056
0 0.461719 0.315278 0.020312 0.019444
0 0.575781 0.338194 0.021875 0.018056
0 0.355469 0.182639 0.018750 0.018056
0 0.377734 0.179167 0.017969 0.016667
0 0.405469 0.170833 0.020312 0.022222
0 0.432031 0.163194 0.020312 0.018056
0 0.455078 0.155556 0.017969 0.019444
0 0.560156 0.267361 0.014062 0.018056
0 0.601562 0.211806 0.018750 0.023611
0 0.748047 0.143056 0.016406 0.022222
0 0.792578 0.136111 0.013281 0.013889
0 0.868750 0.239583 0.014062 0.023611
0 0.862500 0.527778 0.023438 0.036111
0 0.934766 0.605556 0.028906 0.038889
0 0.941406 0.163194 0.015625 0.015278
0 0.986328 0.087500 0.014844 0.013889
0 0.871875 0.094444 0.015625 0.016667
0 0.921094 0.060417 0.020312 0.018056
1 0.215234 0.378472 0.016406 0.045833
1 0.240234 0.290278 0.021094 0.033333
1 0.609375 0.181944 0.025000 0.019444
1 0.647656 0.180556 0.021875 0.019444
1 0.921094 0.032639 0.018750 0.020833
1 0.827344 0.485417 0.020312 0.040278
