0 0.209375 0.043750 0.007812 0.018056
0 0.219141 0.066667 0.014844 0.013889
0 0.225781 0.080556 0.012500 0.013889
0 0.234766 0.102778 0.013281 0.019444
0 0.244922 0.128472 0.010156 0.026389
0 0.254297 0.270139 0.016406 0.015278
0 0.214844 0.425694 0.015625 0.029167
0 0.123438 0.202083 0.021875 0.023611
0 0.038672 0.367361 0.027344 0.029167
0 0.125391 0.561806 0.025781 0.043056
0 0.091016 0.654167 0.032031 0.013889
0 0.173047 0.963194 0.042969 0.056944
0 0.239063 0.860417 0.035937 0.043056
0 0.500391 0.600000 0.027344 0.022222
0 0.623047 0.534028 0.027344 0.026389
0 0.628125 0.473611 0.031250 0.030556
0 0.688281 0.406944 0.021875 0.030556
0 0.750000 0.352778 0.018750 0.033333
0 0.806250 0.376389 0.026563 0.019444
0 0.848437 0.168750 0.017188 0.018056
0 0.978906 0.086806 0.015625 0.018056
0 0.980859 0.031944 0.017969 0.016667
0 0.983984 0.009722 0.017969 0.011111
0 0.954687 0.005556 0.014062 0.011111
0 0.933594 0.042361 0.018750 0.012500
0 0.940234 0.064583 0.013281 0.012500
0 0.901563 0.027778 0.018750 0.019444
0 0.835547 0.058333 0.016406 0.019444
0 0.863281 0.068750 0.017188 0.015278
0 0.832812 0.131250 0.015625 0.020833
0 0.719531 0.109722 0.017188 0.019444
0 0.701953 0.071528 0.017969 0.020833
0 0.656641 0.138194 0.016406 0.015278
0 0.633594 0.195833 0.018750 0.019444
0 0.580469 0.231944 0.015625 0.022222
0 0.614844 0.297917 0.023438 0.020833
0 0.533203 0.306250 0.017969 0.015278
0 0.567969 0.312500 0.023438 0.019444
0 0.392969 0.394444 0.023438 0.022222
0 0.316797 0.356250 0.022656 0.018056
0 0.356641 0.281944 0.022656 0.013889
0 0.414844 0.302083 0.015625 0.015278
0 0.418359 0.242361 0.019531 0.018056
0 0.460547 0.218750 0.025781 0.015278
0 0.535937 0.212500 0.017188 0.019444
0 0.538281 0.234722 0.015625 0.013889
0 0.644141 0.162500 0.019531 0.019444
0 0.487109 0.127083 0.017969 0.018056
0 0.457422 0.135417 0.014844 0.015278
0 0.436328 0.141667 0.019531 0.019444
0 0.409766 0.152083 0.017969 0.018056
0 0.388281 0.159028 0.017188 0.018056
0 0.367578 0.166667 0.019531 0.019444
0 0.293750 0.173611 0.017188 0.016667
1 0.168359 0.169444 0.025781 0.025000
1 0.326953 0.186111 0.033594 0.025000
1 0.530078 0.331944 0.027344 0.025000
2 0.240234 0.229861 0.028906 0.070833
