2 0.435937 0.640972 0.073437 0.065278
1 0.165625 0.247222 0.020312 0.033333
1 0.502344 0.215972 0.025000 0.020833
1 0.566406 0.219444 0.021875 0.016667
1 0.806641 0.115278 0.032031 0.027778
0 0.074219 0.673611 0.035937 0.038889
0 0.142188 0.961806 0.031250 0.059722
0 0.239063 0.412500 0.012500 0.027778
0 0.242578 0.354167 0.014844 0.030556
0 0.333594 0.339583 0.023438 0.018056
0 0.394922 0.337500 0.024219 0.022222
0 0.358594 0.291667 0.021875 0.022222
0 0.378516 0.268056 0.022656 0.019444
0 0.207422 0.155556 0.016406 0.019444
0 0.283594 0.132639 0.010937 0.018056
0 0.275391 0.111111 0.011719 0.019444
0 0.262500 0.079167 0.014062 0.025000
0 0.252344 0.053472 0.012500 0.018056
0 0.246094 0.035417 0.009375 0.015278
0 0.237500 0.017361 0.006250 0.015278
0 0.297266 0.168750 0.013281 0.018056
0 0.300000 0.206944 0.014062 0.019444
0 0.327344 0.172222 0.021875 0.019444
0 0.349219 0.180556 0.015625 0.016667
0 0.374219 0.172222 0.018750 0.016667
0 0.399609 0.166667 0.019531 0.019444
0 0.421484 0.161806 0.016406 0.018056
0 0.447656 0.152083 0.018750 0.015278
0 0.480469 0.140972 0.017188 0.018056
0 0.505469 0.131944 0.015625 0.016667
0 0.613281 0.192361 0.014062 0.020833
0 0.665625 0.317361 0.018750 0.015278
0 0.439453 0.738194 0.032031 0.040278
0 0.722656 0.418056 0.014062 0.022222
0 0.870313 0.265278 0.009375 0.030556
0 0.731250 0.211111 0.014062 0.016667
0 0.659766 0.222222 0.019531 0.022222
0 0.834375 0.172222 0.017188 0.016667
0 0.883594 0.145833 0.017188 0.013889
0 0.920703 0.102778 0.019531 0.016667
0 0.894531 0.093056 0.015625 0.013889
0 0.894922 0.070139 0.011719 0.015278
0 0.937109 0.053472 0.016406 0.015278
0 0.950391 0.115278 0.014844 0.013889
