2 0.243750 0.271528 0.028125 0.068056
1 0.419141 0.162500 0.032031 0.033333
1 0.259766 0.175694 0.019531 0.031944
0 0.042188 0.456944 0.026563 0.025000
0 0.015625 0.387500 0.025000 0.025000
0 0.070703 0.385417 0.028906 0.029167
0 0.085547 0.886806 0.030469 0.029167
0 0.173438 0.468750 0.018750 0.031944
0 0.230078 0.613889 0.025781 0.030556
0 0.280078 0.583333 0.028906 0.044444
0 0.508984 0.655556 0.027344 0.030556
0 0.630078 0.509028 0.025781 0.023611
0 0.766797 0.416667 0.021094 0.027778
0 0.714453 0.369444 0.013281 0.044444
0 0.739062 0.318750 0.028125 0.034722
0 0.869531 0.294444 0.028125 0.033333
0 0.940234 0.413889 0.027344 0.030556
0 0.894531 0.163889 0.015625 0.022222
0 0.453516 0.371528 0.025781 0.020833
0 0.506641 0.354861 0.022656 0.020833
0 0.350391 0.330556 0.017969 0.019444
0 0.372656 0.305556 0.021875 0.019444
0 0.358984 0.169444 0.021094 0.019444
0 0.385156 0.163889 0.018750 0.022222
0 0.453516 0.143056 0.019531 0.019444
0 0.473828 0.136111 0.017969 0.019444
0 0.555469 0.121528 0.020312 0.015278
0 0.473437 0.230556 0.014062 0.016667
0 0.343750 0.259722 0.021875 0.022222
0 0.303516 0.291667 0.024219 0.022222
0 0.343359 0.392361 0.021094 0.029167
0 0.222656 0.153472 0.018750 0.015278
0 0.274219 0.143750 0.015625 0.023611
0 0.262891 0.115278 0.013281 0.016667
0 0.253125 0.093056 0.009375 0.016667
0 0.244922 0.076389 0.013281 0.016667
0 0.236719 0.054167 0.010937 0.016667
0 0.229297 0.036111 0.011719 0.022222
0 0.221484 0.014583 0.007031 0.018056
0 0.530469 0.194444 0.021875 0.022222
0 0.609766 0.182639 0.021094 0.015278
0 0.660156 0.186111 0.020312 0.008333
0 0.679688 0.215972 0.015625 0.018056
0 0.745703 0.128472 0.014844 0.020833
0 0.765234 0.134028 0.016406 0.012500
0 0.864844 0.100000 0.017188 0.019444
0 0.900781 0.049306 0.014062 0.018056
0 0.860547 0.051389 0.011719 0.005556
1 0.400000 0.396528 0.029687 0.026389
1 0.990625 0.009722 0.015625 0.016667
1 0.681250 0.143750 0.028125 0.018056
0 0.231641 0.341667 0.013281 0.019444
0 0.842969 0.075000 0.017188 0.016667
