0 0.177344 0.393750 0.015625 0.026389
0 0.482031 0.888194 0.031250 0.048611
0 0.737500 0.411806 0.010937 0.023611
0 0.701563 0.235417 0.014062 0.029167
0 0.518750 0.290972 0.014062 0.018056
0 0.448438 0.313194 0.015625 0.020833
0 0.429688 0.315278 0.012500 0.022222
0 0.550000 0.246528 0.012500 0.015278
0 0.526563 0.218056 0.010937 0.013889
0 0.515234 0.151389 0.008594 0.011111
0 0.603516 0.104861 0.011719 0.012500
0 0.635156 0.071528 0.009375 0.012500
2 0.925781 0.197917 0.029687 0.029167
2 0.715234 0.018056 0.014844 0.022222
