0 0.410937 0.615278 0.020312 0.036111
0 0.385547 0.494444 0.024219 0.030556
0 0.467578 0.547917 0.027344 0.034722
0 0.137109 0.435417 0.017969 0.029167
0 0.076953 0.852083 0.035156 0.043056
0 0.048437 0.800694 0.032812 0.043056
0 0.112891 0.714583 0.036719 0.048611
0 0.238672 0.639583 0.028906 0.029167
0 0.243750 0.312500 0.021875 0.022222
0 0.146094 0.337500 0.015625 0.027778
0 0.543750 0.212500 0.012500 0.019444
0 0.544922 0.157639 0.014844 0.015278
0 0.489062 0.253472 0.010937 0.015278
0 0.438672 0.284722 0.011719 0.013889
0 0.471094 0.441667 0.014062 0.022222
0 0.725391 0.385417 0.010156 0.020833
0 0.756641 0.188889 0.013281 0.016667
0 0.923828 0.234722 0.014844 0.016667
0 0.631641 0.116667 0.008594 0.011111
