2 0.477344 0.350694 0.034375 0.048611
1 0.715625 0.231944 0.018750 0.019444
0 0.164844 0.772222 0.028125 0.041667
0 0.048437 0.739583 0.029687 0.031944
0 0.257812 0.786111 0.029687 0.038889
1 0.154297 0.643750 0.033594 0.037500
0 0.181641 0.449306 0.017969 0.029167
0 0.090625 0.263889 0.018750 0.016667
0 0.312891 0.356250 0.014844 0.026389
0 0.544531 0.891667 0.037500 0.038889
0 0.519141 0.270833 0.013281 0.019444
0 0.529297 0.181944 0.010156 0.013889
0 0.608203 0.087500 0.013281 0.022222
0 0.631641 0.047222 0.007031 0.011111
0 0.678516 0.034028 0.005469 0.006944
1 0.264062 0.317361 0.020312 0.018056
