2 0.881641 0.394444 0.058594 0.052778
1 0.138281 0.210417 0.026563 0.029167
1 0.355078 0.190278 0.027344 0.016667
1 0.946484 0.104861 0.017969 0.018056
1 0.208984 0.161806 0.027344 0.023611
0 0.093750 0.431250 0.028125 0.026389
0 0.066797 0.361806 0.025781 0.023611
0 0.058984 0.263194 0.025781 0.023611
0 0.185937 0.409028 0.012500 0.029167
0 0.171484 0.184028 0.022656 0.023611
0 0.269531 0.100000 0.012500 0.022222
0 0.284766 0.142361 0.013281 0.020833
0 0.289062 0.238889 0.014062 0.025000
0 0.300000 0.213889 0.010937 0.022222
0 0.321484 0.193750 0.021094 0.020833
0 0.378516 0.176389 0.016406 0.013889
0 0.406250 0.167361 0.021875 0.018056
0 0.433984 0.159028 0.021094 0.018056
0 0.457422 0.151389 0.019531 0.016667
0 0.388281 0.270139 0.021875 0.026389
0 0.487500 0.250694 0.020312 0.020833
0 0.537500 0.273611 0.020312 0.019444
0 0.546094 0.229861 0.017188 0.018056
0 0.591797 0.251389 0.017969 0.019444
0 0.654688 0.211806 0.021875 0.020833
0 0.580469 0.619444 0.023438 0.033333
0 0.507812 0.630556 0.017188 0.025000
0 0.596484 0.528472 0.022656 0.026389
0 0.828906 0.534722 0.034375 0.044444
0 0.955078 0.609028 0.027344 0.034722
0 0.693359 0.463194 0.027344 0.029167
0 0.751953 0.190278 0.019531 0.019444
0 0.743359 0.158333 0.019531 0.019444
0 0.605859 0.195139 0.019531 0.020833
0 0.576172 0.120139 0.017969 0.018056
0 0.816016 0.069444 0.016406 0.016667
0 0.848828 0.093056 0.016406 0.016667
0 0.884375 0.049306 0.014062 0.015278
0 0.919922 0.084028 0.014844 0.015278
0 0.896094 0.083333 0.015625 0.019444
1 0.717969 0.144444 0.018750 0.013889
1 0.703125 0.160417 0.021875 0.020833
