0 0.040625 0.418750 0.028125 0.023611
0 0.059766 0.431250 0.019531 0.020833
0 0.070703 0.513889 0.030469 0.027778
0 0.069531 0.714583 0.029687 0.045833
0 0.247656 0.454167 0.017188 0.041667
0 0.346094 0.670833 0.026563 0.025000
0 0.390625 0.645833 0.029687 0.016667
0 0.354688 0.788889 0.034375 0.044444
0 0.278516 0.188889 0.013281 0.022222
0 0.487109 0.135417 0.014844 0.018056
0 0.465234 0.141667 0.017969 0.019444
0 0.440234 0.151389 0.017969 0.016667
0 0.418750 0.156250 0.018750 0.018056
0 0.396094 0.161806 0.020312 0.018056
0 0.371875 0.168056 0.018750 0.016667
0 0.346094 0.173611 0.015625 0.016667
0 0.323828 0.167361 0.017969 0.015278
0 0.289062 0.152083 0.012500 0.015278
0 0.280859 0.125694 0.010156 0.020833
0 0.264062 0.086806 0.009375 0.015278
0 0.371875 0.281250 0.018750 0.018056
0 0.391016 0.256250 0.019531 0.012500
0 0.325391 0.416667 0.027344 0.013889
0 0.479688 0.300694 0.018750 0.018056
0 0.463281 0.238889 0.020312 0.022222
0 0.547266 0.212500 0.016406 0.013889
0 0.594531 0.192361 0.017188 0.018056
0 0.687500 0.095139 0.017188 0.018056
0 0.702734 0.155556 0.014844 0.019444
0 0.733594 0.129167 0.017188 0.019444
0 0.704297 0.199306 0.017969 0.012500
0 0.670313 0.288194 0.018750 0.018056
0 0.709375 0.339583 0.020312 0.031944
0 0.712891 0.427778 0.016406 0.030556
0 0.879297 0.392361 0.028906 0.029167
0 0.983984 0.438194 0.022656 0.034722
0 0.815625 0.113889 0.015625 0.016667
0 0.863281 0.245833 0.006250 0.027778
0 0.916406 0.070139 0.014062 0.015278
0 0.948438 0.064583 0.012500 0.009722
0 0.851172 0.106250 0.016406 0.015278
0 0.249219 0.048611 0.009375 0.019444
0 0.241016 0.028472 0.010156 0.015278
1 0.534766 0.129167 0.030469 0.022222
1 0.266797 0.236111 0.019531 0.030556
2 0.237109 0.359722 0.021094 0.066667
