1 0.248437 0.272222 0.020312 0.030556
1 0.341406 0.286806 0.028125 0.026389
1 0.568750 0.223611 0.023438 0.022222
1 0.717188 0.094444 0.021875 0.019444
2 0.228516 0.013889 0.014844 0.022222
0 0.087891 0.906944 0.030469 0.041667
0 0.149219 0.609028 0.032812 0.031944
0 0.216016 0.615972 0.027344 0.034722
0 0.411719 0.770833 0.031250 0.041667
0 0.553516 0.646528 0.027344 0.031944
0 0.461328 0.301389 0.021094 0.022222
0 0.580078 0.335417 0.021094 0.020833
0 0.696484 0.340278 0.022656 0.030556
0 0.138281 0.214583 0.020312 0.023611
0 0.161328 0.194444 0.017969 0.019444
0 0.204297 0.165972 0.021094 0.018056
0 0.275391 0.209028 0.011719 0.018056
0 0.267969 0.236111 0.014062 0.019444
0 0.286328 0.243056 0.014844 0.022222
0 0.257812 0.295833 0.015625 0.025000
0 0.282031 0.143750 0.014062 0.018056
0 0.259766 0.090972 0.011719 0.018056
0 0.324219 0.179167 0.023438 0.022222
0 0.297266 0.217361 0.011719 0.020833
0 0.357031 0.180556 0.020312 0.019444
0 0.433203 0.175694 0.017969 0.018056
0 0.409375 0.171528 0.021875 0.018056
0 0.455859 0.155556 0.017969 0.019444
0 0.453516 0.249306 0.019531 0.020833
0 0.517969 0.240972 0.017188 0.020833
0 0.593359 0.200000 0.016406 0.016667
0 0.667969 0.225000 0.017188 0.019444
0 0.712500 0.146528 0.017188 0.020833
0 0.731641 0.198611 0.016406 0.016667
0 0.812891 0.165972 0.017969 0.015278
0 0.807813 0.107639 0.015625 0.015278
0 0.784766 0.142361 0.017969 0.020833
0 0.966406 0.642361 0.031250 0.034722
0 0.246094 0.061806 0.012500 0.012500
