0 0.096094 0.787500 0.028125 0.041667
0 0.447656 0.238889 0.014062 0.019444
0 0.296094 0.404167 0.012500 0.033333
0 0.274609 0.359028 0.017969 0.023611
0 0.130469 0.465972 0.017188 0.029167
0 0.138281 0.422917 0.015625 0.029167
0 0.414844 0.725694 0.020312 0.045833
0 0.737500 0.281944 0.014062 0.013889
0 0.765625 0.269444 0.018750 0.019444
0 0.833594 0.273611 0.014062 0.013889
0 0.855859 0.250694 0.014844 0.015278
0 0.888281 0.211111 0.015625 0.019444
0 0.582812 0.136806 0.009375 0.012500
0 0.554688 0.125000 0.007812 0.013889
0 0.562891 0.097222 0.008594 0.013889
0 0.604297 0.031944 0.008594 0.011111
1 0.158203 0.620139 0.060156 0.087500
1 0.530469 0.204167 0.040625 0.058333
2 0.564453 0.875694 0.052344 0.062500
