0 0.142578 0.792361 0.033594 0.043056
0 0.063672 0.835417 0.032031 0.045833
0 0.087500 0.686111 0.035937 0.050000
0 0.408594 0.785417 0.021875 0.051389
0 0.501562 0.868056 0.034375 0.044444
0 0.416016 0.384028 0.017969 0.023611
0 0.313672 0.302083 0.019531 0.020833
0 0.385156 0.326389 0.017188 0.025000
0 0.448438 0.266667 0.015625 0.025000
0 0.472266 0.254167 0.011719 0.019444
0 0.492969 0.205556 0.014062 0.019444
0 0.523438 0.180556 0.012500 0.013889
0 0.540625 0.141667 0.010937 0.016667
0 0.612109 0.070139 0.007031 0.012500
0 0.580078 0.074306 0.011719 0.006944
0 0.701563 0.473611 0.009375 0.027778
0 0.905469 0.168750 0.012500 0.012500
0 0.942578 0.164583 0.013281 0.009722
