1 0.450000 0.325000 0.018750 0.022222
1 0.491406 0.175694 0.021875 0.043056
2 0.196484 0.480556 0.035156 0.050000
0 0.477734 0.923611 0.033594 0.052778
0 0.412109 0.767361 0.019531 0.043056
0 0.280859 0.437500 0.019531 0.030556
0 0.089844 0.412500 0.020312 0.030556
0 0.126172 0.932639 0.035156 0.043056
0 0.057422 0.717361 0.033594 0.045833
0 0.647266 0.502083 0.011719 0.031944
0 0.655859 0.293056 0.011719 0.019444
0 0.682422 0.235417 0.016406 0.020833
0 0.777734 0.266667 0.016406 0.016667
0 0.832031 0.238889 0.014062 0.013889
0 0.853516 0.210417 0.014844 0.015278
0 0.500781 0.249306 0.010937 0.015278
0 0.419141 0.295139 0.013281 0.018056
0 0.458984 0.243056 0.014844 0.016667
0 0.574609 0.129861 0.010156 0.012500
0 0.571875 0.075694 0.009375 0.012500
