0 0.155078 0.604167 0.027344 0.019444
0 0.244531 0.572222 0.025000 0.044444
0 0.223438 0.872917 0.039062 0.043056
0 0.380859 0.675000 0.028906 0.027778
0 0.416016 0.626389 0.027344 0.033333
0 0.596875 0.543750 0.023438 0.026389
0 0.601562 0.481250 0.028125 0.029167
0 0.633203 0.515972 0.021094 0.023611
0 0.675781 0.421528 0.020312 0.026389
0 0.660547 0.309722 0.022656 0.030556
0 0.789844 0.495139 0.031250 0.034722
0 0.846484 0.518750 0.022656 0.040278
0 0.937500 0.591667 0.028125 0.030556
0 0.909375 0.084028 0.017188 0.015278
0 0.913281 0.013194 0.017188 0.012500
0 0.888672 0.047917 0.014844 0.015278
0 0.839063 0.047917 0.017188 0.015278
0 0.757812 0.051389 0.015625 0.013889
0 0.796484 0.068750 0.016406 0.018056
0 0.815234 0.081944 0.016406 0.016667
0 0.826953 0.113194 0.016406 0.012500
0 0.712891 0.119444 0.017969 0.016667
0 0.651563 0.192361 0.015625 0.018056
0 0.585156 0.160417 0.015625 0.015278
0 0.571484 0.194444 0.021094 0.019444
0 0.479688 0.202083 0.015625 0.018056
0 0.503906 0.115278 0.017188 0.022222
0 0.476953 0.121528 0.016406 0.018056
0 0.450391 0.130556 0.016406 0.013889
0 0.426172 0.142361 0.017969 0.020833
0 0.401563 0.150000 0.018750 0.019444
0 0.382031 0.156944 0.020312 0.016667
0 0.360156 0.163889 0.021875 0.016667
0 0.328516 0.173611 0.022656 0.019444
0 0.298047 0.175000 0.019531 0.013889
0 0.355859 0.277083 0.021094 0.020833
0 0.452734 0.253472 0.024219 0.015278
0 0.479688 0.317361 0.018750 0.020833
0 0.523828 0.263889 0.022656 0.016667
0 0.234766 0.121528 0.010156 0.015278
0 0.225781 0.101389 0.012500 0.016667
0 0.217969 0.078472 0.009375 0.015278
0 0.185937 0.135417 0.014062 0.020833
0 0.169922 0.130556 0.014844 0.030556
0 0.192969 0.111806 0.010937 0.020833
1 0.254297 0.172917 0.036719 0.020833
1 0.581250 0.208333 0.045313 0.038889
1 0.640625 0.136111 0.025000 0.022222
1 0.691797 0.365278 0.017969 0.050000
2 0.617578 0.215278 0.047656 0.044444
2 0.152734 0.172917 0.052344 0.048611
