2 0.524219 0.880556 0.051562 0.055556
1 0.499609 0.245833 0.039844 0.061111
1 0.617578 0.065278 0.010156 0.016667
1 0.067188 0.743056 0.035937 0.050000
0 0.117969 0.450694 0.015625 0.029167
0 0.134375 0.400000 0.012500 0.025000
0 0.287891 0.380556 0.016406 0.025000
0 0.300391 0.434028 0.016406 0.029167
0 0.351562 0.362500 0.017188 0.025000
0 0.439063 0.247917 0.017188 0.026389
0 0.482422 0.191667 0.013281 0.025000
0 0.560938 0.172222 0.010937 0.013889
0 0.713672 0.173611 0.014844 0.011111
0 0.579687 0.068056 0.007812 0.011111
0 0.571094 0.039583 0.010937 0.012500
0 0.601172 0.022222 0.010156 0.013889
0 0.810547 0.277083 0.019531 0.012500
0 0.842578 0.263889 0.016406 0.016667
0 0.735547 0.255556 0.016406 0.016667
0 0.720703 0.290278 0.014844 0.016667
