1 0.219531 0.440278 0.015625 0.044444
1 0.712109 0.154861 0.021094 0.020833
1 0.676562 0.157639 0.023438 0.020833
1 0.226562 0.318750 0.018750 0.034722
0 0.112500 0.634028 0.025000 0.037500
0 0.092578 0.918750 0.036719 0.043056
0 0.247656 0.881944 0.040625 0.038889
0 0.297266 0.676389 0.032031 0.036111
0 0.346094 0.702083 0.031250 0.020833
0 0.215234 0.371528 0.013281 0.023611
0 0.250391 0.309722 0.016406 0.027778
0 0.189844 0.174306 0.020312 0.020833
0 0.223438 0.135417 0.015625 0.020833
0 0.247656 0.068750 0.009375 0.018056
0 0.320312 0.191667 0.018750 0.011111
0 0.285156 0.241667 0.015625 0.022222
0 0.275000 0.202778 0.010937 0.025000
0 0.259375 0.174306 0.017188 0.015278
0 0.294922 0.215972 0.013281 0.018056
0 0.380078 0.336111 0.021094 0.019444
0 0.384375 0.289583 0.020312 0.020833
0 0.413281 0.264583 0.018750 0.018056
0 0.491797 0.292361 0.019531 0.018056
0 0.529688 0.357639 0.021875 0.020833
0 0.808984 0.436111 0.019531 0.038889
0 0.840625 0.481250 0.018750 0.037500
0 0.894922 0.575000 0.027344 0.038889
0 0.878125 0.291667 0.014062 0.027778
0 0.810938 0.165972 0.014062 0.018056
0 0.810938 0.118056 0.017188 0.022222
0 0.626953 0.116667 0.017969 0.016667
0 0.458203 0.155556 0.014844 0.019444
0 0.432031 0.162500 0.018750 0.019444
0 0.405469 0.170833 0.021875 0.019444
0 0.376172 0.188889 0.014844 0.016667
0 0.354297 0.181944 0.017969 0.019444
0 0.273828 0.127778 0.016406 0.019444
0 0.265625 0.108333 0.010937 0.016667
0 0.667578 0.188194 0.017969 0.015278
0 0.912500 0.179167 0.015625 0.016667
0 0.938281 0.108333 0.015625 0.016667
0 0.930859 0.067361 0.014844 0.015278
0 0.854688 0.122917 0.026563 0.012500
0 0.964844 0.038889 0.017188 0.016667
2 0.225391 0.012500 0.016406 0.022222
1 0.840234 0.091667 0.019531 0.016667
1 0.895703 0.091667 0.019531 0.013889
1 0.968750 0.015972 0.020312 0.018056
