2 0.728125 0.440278 0.056250 0.052778
1 0.060938 0.257639 0.029687 0.029167
1 0.317969 0.291667 0.023438 0.022222
1 0.348828 0.268056 0.027344 0.019444
1 0.325781 0.187500 0.035937 0.019444
1 0.807813 0.129167 0.023438 0.019444
0 0.069531 0.706250 0.025000 0.045833
0 0.066406 0.451389 0.026563 0.022222
0 0.095703 0.379167 0.022656 0.019444
0 0.105859 0.218750 0.022656 0.023611
0 0.144141 0.190278 0.022656 0.019444
0 0.191406 0.168056 0.020312 0.025000
0 0.203516 0.140278 0.019531 0.019444
0 0.238672 0.027778 0.008594 0.013889
0 0.247656 0.047917 0.009375 0.015278
0 0.256250 0.068750 0.010937 0.018056
0 0.285937 0.136111 0.009375 0.019444
0 0.300391 0.183333 0.010156 0.022222
0 0.293359 0.228472 0.017969 0.029167
0 0.325391 0.363889 0.024219 0.019444
0 0.331250 0.679167 0.029687 0.033333
0 0.378125 0.652778 0.031250 0.030556
0 0.453125 0.637500 0.029687 0.030556
0 0.424219 0.398611 0.020312 0.019444
0 0.410547 0.333333 0.022656 0.016667
0 0.020703 0.413889 0.025781 0.019444
0 0.495313 0.218056 0.020312 0.016667
0 0.507812 0.297222 0.018750 0.019444
0 0.545313 0.272222 0.020312 0.019444
0 0.420703 0.161806 0.016406 0.020833
0 0.385938 0.170833 0.026563 0.022222
0 0.447656 0.154167 0.018750 0.013889
0 0.479688 0.143750 0.017188 0.015278
0 0.594531 0.111111 0.017188 0.013889
0 0.659375 0.100694 0.015625 0.015278
0 0.577344 0.205556 0.017188 0.022222
0 0.719141 0.165278 0.017969 0.019444
0 0.905469 0.125000 0.014062 0.019444
0 0.892969 0.084028 0.015625 0.023611
0 0.910547 0.088889 0.017969 0.019444
0 0.969922 0.050694 0.016406 0.015278
