2 0.228906 0.015278 0.015625 0.025000
1 0.248437 0.163194 0.028125 0.031944
1 0.514844 0.145833 0.025000 0.019444
1 0.589063 0.256944 0.025000 0.013889
1 0.847656 0.059722 0.015625 0.016667
0 0.029687 0.778472 0.026563 0.065278
0 0.080078 0.659722 0.030469 0.041667
0 0.297266 0.850694 0.032031 0.040278
0 0.612891 0.586111 0.028906 0.030556
0 0.714063 0.518750 0.023438 0.020833
0 0.706250 0.448611 0.021875 0.033333
0 0.629297 0.320139 0.022656 0.020833
0 0.713281 0.356250 0.018750 0.031944
0 0.736328 0.195833 0.017969 0.016667
0 0.748828 0.154861 0.016406 0.018056
0 0.804688 0.122222 0.018750 0.019444
0 0.882031 0.105556 0.017188 0.019444
0 0.898438 0.127083 0.018750 0.018056
0 0.956641 0.062500 0.014844 0.011111
0 0.445312 0.245833 0.021875 0.013889
0 0.498047 0.250000 0.019531 0.016667
0 0.553125 0.207639 0.007812 0.001389
0 0.296094 0.362500 0.023438 0.019444
0 0.380078 0.177778 0.017969 0.016667
0 0.407813 0.170833 0.021875 0.016667
0 0.435156 0.162500 0.017188 0.019444
0 0.346875 0.194444 0.021875 0.008333
0 0.277344 0.132639 0.015625 0.018056
0 0.138672 0.211111 0.022656 0.022222
0 0.099219 0.241667 0.021875 0.025000
0 0.066797 0.362500 0.025781 0.027778
0 0.051953 0.443750 0.025781 0.026389
0 0.094922 0.418750 0.022656 0.023611
0 0.260156 0.086111 0.010937 0.016667
