1 0.577734 0.130556 0.030469 0.047222
1 0.016797 0.838889 0.028906 0.047222
2 0.630469 0.813194 0.040625 0.079167
0 0.151562 0.783333 0.028125 0.044444
0 0.080078 0.727083 0.025781 0.043056
0 0.176953 0.494444 0.024219 0.027778
0 0.167969 0.458333 0.023438 0.022222
0 0.223438 0.327778 0.021875 0.019444
0 0.275391 0.350694 0.017969 0.029167
0 0.358984 0.354861 0.017969 0.023611
0 0.384375 0.342361 0.017188 0.023611
0 0.785547 0.270833 0.019531 0.016667
0 0.823438 0.271528 0.018750 0.018056
0 0.862500 0.246528 0.014062 0.018056
0 0.883594 0.220833 0.015625 0.016667
0 0.512500 0.190278 0.009375 0.013889
