0 0.047266 0.258333 0.025781 0.025000
0 0.080078 0.691667 0.028906 0.050000
0 0.061719 0.881944 0.031250 0.052778
0 0.353906 0.704167 0.032812 0.022222
0 0.410547 0.698611 0.030469 0.025000
0 0.230078 0.554167 0.017969 0.033333
0 0.175000 0.502778 0.015625 0.041667
0 0.233984 0.386111 0.011719 0.027778
0 0.224219 0.325000 0.015625 0.025000
0 0.266016 0.248611 0.014844 0.022222
0 0.282813 0.246528 0.015625 0.023611
0 0.293359 0.217361 0.011719 0.020833
0 0.271484 0.200000 0.010156 0.016667
0 0.270703 0.130556 0.014844 0.022222
0 0.321094 0.182639 0.020312 0.018056
0 0.293750 0.182639 0.010937 0.018056
0 0.352734 0.183333 0.019531 0.013889
0 0.375781 0.180556 0.017188 0.013889
0 0.408984 0.172222 0.019531 0.019444
0 0.442969 0.158333 0.020312 0.019444
0 0.473828 0.148611 0.017969 0.019444
0 0.552734 0.269444 0.017969 0.019444
0 0.558594 0.203472 0.020312 0.020833
0 0.280078 0.154167 0.011719 0.016667
0 0.241406 0.060417 0.009375 0.012500
0 0.234375 0.046528 0.009375 0.012500
0 0.264062 0.109722 0.014062 0.016667
0 0.701172 0.210417 0.019531 0.018056
0 0.682031 0.178472 0.015625 0.023611
0 0.710547 0.159722 0.017969 0.019444
0 0.900781 0.182639 0.015625 0.018056
0 0.861328 0.141667 0.014844 0.019444
0 0.825000 0.065972 0.014062 0.015278
0 0.894141 0.091667 0.017969 0.016667
0 0.935938 0.060417 0.017188 0.018056
0 0.960938 0.081944 0.020312 0.022222
0 0.868359 0.272222 0.013281 0.030556
0 0.806641 0.407639 0.016406 0.031944
0 0.757422 0.325000 0.017969 0.027778
0 0.729688 0.318056 0.018750 0.025000
0 0.223047 0.471528 0.016406 0.043056
1 0.267969 0.645139 0.029687 0.051389
2 0.224219 0.018056 0.015625 0.033333
