0 0.405859 0.406944 0.025781 0.019444
0 0.464844 0.625000 0.025000 0.030556
0 0.657031 0.488194 0.018750 0.031944
0 0.789062 0.515278 0.025000 0.027778
0 0.830859 0.379861 0.021094 0.023611
0 0.873828 0.209722 0.011719 0.019444
0 0.844922 0.160417 0.019531 0.015278
0 0.887500 0.129861 0.017188 0.015278
0 0.921484 0.077083 0.013281 0.015278
0 0.941406 0.059722 0.017188 0.011111
0 0.886719 0.070139 0.015625 0.015278
0 0.845703 0.101389 0.014844 0.016667
0 0.816797 0.100694 0.014844 0.015278
0 0.769531 0.190972 0.014062 0.015278
0 0.738672 0.145139 0.017969 0.020833
0 0.625000 0.197917 0.018750 0.018056
0 0.642578 0.243750 0.017969 0.015278
0 0.588672 0.322222 0.013281 0.019444
0 0.560156 0.273611 0.018750 0.019444
0 0.609375 0.193056 0.017188 0.016667
0 0.569531 0.193750 0.014062 0.015278
0 0.507812 0.225000 0.017188 0.022222
0 0.429688 0.263889 0.017188 0.016667
0 0.077344 0.689583 0.023438 0.045833
0 0.057813 0.413194 0.026563 0.023611
0 0.020703 0.384722 0.025781 0.022222
0 0.187891 0.378472 0.013281 0.009722
0 0.234375 0.507639 0.014062 0.034722
0 0.288281 0.238889 0.017188 0.030556
0 0.300781 0.201389 0.010937 0.022222
0 0.498047 0.134028 0.014844 0.018056
0 0.473047 0.141667 0.017969 0.016667
0 0.444922 0.150694 0.016406 0.018056
0 0.420312 0.158333 0.017188 0.019444
0 0.398828 0.165278 0.017969 0.019444
0 0.374219 0.169444 0.018750 0.019444
0 0.348437 0.174306 0.015625 0.012500
0 0.326172 0.166667 0.019531 0.016667
0 0.295703 0.154861 0.011719 0.015278
0 0.284375 0.131250 0.010937 0.015278
0 0.275391 0.111806 0.011719 0.018056
0 0.267969 0.093056 0.009375 0.016667
0 0.260156 0.071528 0.007812 0.018056
0 0.246484 0.040278 0.013281 0.016667
1 0.350000 0.275000 0.043750 0.027778
1 0.097266 0.609722 0.036719 0.055556
1 0.246094 0.601389 0.020312 0.050000
1 0.923437 0.030556 0.025000 0.025000
2 0.322656 0.622917 0.071875 0.106944
