0 0.473828 0.551389 0.025781 0.027778
0 0.089062 0.875694 0.039062 0.051389
0 0.369141 0.558333 0.024219 0.033333
0 0.178516 0.375694 0.017969 0.026389
0 0.288281 0.336806 0.020312 0.029167
0 0.408984 0.316667 0.016406 0.022222
0 0.432422 0.327778 0.014844 0.019444
0 0.444922 0.274306 0.013281 0.015278
0 0.500781 0.288194 0.012500 0.018056
0 0.501172 0.206250 0.013281 0.015278
0 0.548828 0.175000 0.011719 0.016667
0 0.605859 0.079167 0.008594 0.011111
0 0.667969 0.037500 0.006250 0.013889
0 0.721484 0.470833 0.011719 0.025000
0 0.896484 0.262500 0.011719 0.016667
0 0.817969 0.204167 0.015625 0.013889
