0 0.167187 0.377778 0.021875 0.025000
0 0.089062 0.464583 0.021875 0.031944
0 0.134766 0.731944 0.028906 0.036111
0 0.194922 0.716667 0.027344 0.036111
0 0.412109 0.699306 0.022656 0.040278
0 0.514063 0.302778 0.014062 0.019444
0 0.594922 0.559028 0.028906 0.023611
0 0.657812 0.699306 0.018750 0.037500
0 0.635156 0.484028 0.015625 0.037500
0 0.764844 0.266667 0.018750 0.016667
0 0.801953 0.261111 0.017969 0.013889
0 0.853906 0.241667 0.010937 0.013889
0 0.901172 0.168056 0.013281 0.013889
0 0.625000 0.215972 0.018750 0.015278
0 0.416406 0.361806 0.014062 0.026389
0 0.436719 0.279861 0.014062 0.020833
0 0.463281 0.226389 0.010937 0.019444
0 0.370313 0.372222 0.017188 0.019444
0 0.372266 0.345139 0.016406 0.023611
0 0.516406 0.168056 0.012500 0.016667
0 0.542188 0.129861 0.012500 0.015278
0 0.611328 0.073611 0.010156 0.011111
0 0.591016 0.041667 0.008594 0.011111
1 0.103516 0.679167 0.057031 0.100000
1 0.571094 0.066667 0.010937 0.019444
2 0.383594 0.625000 0.032812 0.063889
0 0.300781 0.304861 0.017188 0.020833
