2 0.655078 0.478472 0.060156 0.056944
1 0.298047 0.179861 0.030469 0.018056
1 0.685547 0.177778 0.021094 0.022222
1 0.935156 0.078472 0.020312 0.018056
1 0.902734 0.065278 0.021094 0.022222
1 0.086328 0.422222 0.030469 0.030556
0 0.060938 0.844444 0.028125 0.050000
0 0.262500 0.634028 0.028125 0.034722
0 0.316406 0.622222 0.026563 0.044444
0 0.362109 0.651389 0.035156 0.033333
0 0.886328 0.563889 0.027344 0.038889
0 0.636328 0.247222 0.017969 0.022222
0 0.687109 0.214583 0.016406 0.015278
0 0.576953 0.216667 0.017969 0.016667
0 0.417969 0.272917 0.018750 0.018056
0 0.235938 0.022222 0.007812 0.011111
0 0.246094 0.041667 0.009375 0.016667
0 0.255859 0.065278 0.008594 0.013889
0 0.277344 0.122222 0.010937 0.016667
0 0.292188 0.154861 0.010937 0.018056
0 0.327344 0.170833 0.018750 0.013889
0 0.349609 0.177083 0.016406 0.012500
0 0.376953 0.171528 0.021094 0.015278
0 0.407422 0.163889 0.017969 0.019444
0 0.434766 0.155556 0.017969 0.016667
0 0.466797 0.146528 0.016406 0.018056
0 0.535937 0.127778 0.017188 0.019444
0 0.548047 0.292361 0.016406 0.009722
0 0.551953 0.343750 0.016406 0.018056
0 0.356250 0.418750 0.021875 0.012500
0 0.070703 0.241667 0.021094 0.022222
0 0.132031 0.209028 0.021875 0.023611
0 0.161328 0.172917 0.019531 0.018056
0 0.201953 0.172917 0.021094 0.018056
0 0.238672 0.092361 0.010156 0.018056
0 0.297656 0.217361 0.014062 0.023611
0 0.385156 0.327083 0.021875 0.018056
0 0.415234 0.297917 0.021094 0.020833
0 0.473828 0.311111 0.019531 0.016667
0 0.548828 0.282639 0.017969 0.018056
0 0.583203 0.115972 0.017969 0.015278
0 0.784375 0.128472 0.017188 0.018056
0 0.796484 0.136806 0.017969 0.018056
0 0.876172 0.088194 0.016406 0.015278
