2 0.216406 0.695833 0.060938 0.083333
0 0.158594 0.663194 0.026563 0.034722
0 0.182812 0.583333 0.028125 0.036111
0 0.084766 0.525000 0.021094 0.033333
0 0.153125 0.356944 0.010937 0.027778
0 0.187500 0.293056 0.020312 0.016667
0 0.328516 0.422917 0.019531 0.031944
0 0.385156 0.493056 0.025000 0.038889
0 0.434766 0.706250 0.014844 0.048611
0 0.741797 0.327778 0.011719 0.019444
0 0.532422 0.340278 0.013281 0.019444
0 0.494141 0.304861 0.013281 0.018056
0 0.406641 0.354167 0.021094 0.027778
0 0.522266 0.204861 0.013281 0.020833
0 0.613281 0.134722 0.009375 0.011111
0 0.612500 0.065972 0.007812 0.009722
0 0.957031 0.208333 0.017188 0.019444
