2 0.702344 0.029861 0.014062 0.020833
0 0.178516 0.727083 0.025781 0.031944
0 0.444141 0.818750 0.022656 0.051389
0 0.170703 0.363194 0.014844 0.026389
0 0.477344 0.343750 0.014062 0.020833
0 0.471484 0.268750 0.013281 0.020833
0 0.537500 0.132639 0.010937 0.015278
0 0.532812 0.290972 0.012500 0.012500
0 0.558203 0.178472 0.010156 0.018056
0 0.651172 0.244444 0.021094 0.013889
0 0.671875 0.222917 0.018750 0.009722
0 0.741797 0.181944 0.016406 0.011111
0 0.875000 0.214583 0.015625 0.018056
0 0.927734 0.263194 0.013281 0.015278
0 0.662500 0.100000 0.009375 0.011111
0 0.665234 0.077083 0.008594 0.009722
0 0.635156 0.086111 0.006250 0.011111
0 0.650781 0.050000 0.009375 0.011111
