2 0.450781 0.829861 0.046875 0.076389
1 0.425000 0.360417 0.056250 0.079167
1 0.353906 0.374306 0.039062 0.056944
1 0.585156 0.115972 0.014062 0.020833
1 0.068359 0.773611 0.041406 0.055556
0 0.128516 0.398611 0.019531 0.030556
0 0.128516 0.359028 0.010156 0.026389
0 0.305078 0.447917 0.016406 0.031944
0 0.349219 0.568750 0.025000 0.034722
0 0.347656 0.496528 0.023438 0.029167
0 0.694922 0.331250 0.013281 0.015278
0 0.681250 0.231250 0.015625 0.018056
0 0.754297 0.265278 0.017969 0.025000
0 0.799219 0.276389 0.021875 0.022222
0 0.728516 0.176389 0.021094 0.013889
0 0.767578 0.186806 0.019531 0.015278
0 0.508203 0.254861 0.013281 0.018056
0 0.504297 0.160417 0.013281 0.023611
0 0.601172 0.046528 0.007031 0.012500
0 0.609375 0.020139 0.007812 0.009722
