0 0.034375 0.781250 0.028125 0.043056
0 0.147656 0.377778 0.021875 0.027778
0 0.124609 0.350694 0.014844 0.023611
0 0.476172 0.306250 0.014844 0.023611
0 0.445312 0.257639 0.012500 0.020833
0 0.464453 0.247917 0.013281 0.020833
0 0.466797 0.211806 0.011719 0.018056
0 0.535547 0.194444 0.010156 0.016667
0 0.560938 0.092361 0.009375 0.015278
0 0.612109 0.082639 0.008594 0.009722
0 0.728906 0.252083 0.014062 0.020833
0 0.767187 0.269444 0.021875 0.016667
0 0.690625 0.362500 0.010937 0.022222
0 0.655078 0.220833 0.014844 0.013889
0 0.752344 0.181944 0.020312 0.016667
0 0.789062 0.190278 0.015625 0.013889
1 0.397656 0.313194 0.034375 0.051389
1 0.387109 0.402083 0.044531 0.068056
2 0.430469 0.787500 0.037500 0.086111
