0 0.309766 0.361806 0.021094 0.029167
0 0.423047 0.667361 0.028906 0.034722
0 0.496094 0.602083 0.017188 0.018056
0 0.235156 0.856944 0.034375 0.036111
0 0.123047 0.602778 0.027344 0.038889
0 0.067188 0.523611 0.034375 0.025000
0 0.016016 0.385417 0.024219 0.023611
0 0.050000 0.359722 0.021875 0.019444
0 0.267578 0.541667 0.021094 0.030556
0 0.174609 0.238194 0.011719 0.031944
0 0.265234 0.244444 0.016406 0.022222
0 0.487500 0.137500 0.015625 0.019444
0 0.467187 0.147222 0.017188 0.019444
0 0.441406 0.150694 0.017188 0.018056
0 0.419141 0.165972 0.017969 0.012500
0 0.397656 0.163194 0.020312 0.018056
0 0.372656 0.168056 0.020312 0.019444
0 0.347266 0.172917 0.016406 0.015278
0 0.325781 0.170139 0.018750 0.015278
0 0.292578 0.161111 0.010156 0.016667
0 0.286328 0.137500 0.011719 0.016667
0 0.277734 0.114583 0.010156 0.015278
0 0.271094 0.097222 0.010937 0.016667
0 0.260938 0.078472 0.009375 0.018056
0 0.253125 0.059722 0.010937 0.011111
0 0.244922 0.038889 0.010156 0.016667
0 0.433594 0.240972 0.015625 0.015278
0 0.311719 0.289583 0.023438 0.018056
0 0.493750 0.280556 0.015625 0.016667
0 0.462891 0.242361 0.024219 0.015278
0 0.536328 0.225694 0.017969 0.018056
0 0.533594 0.200000 0.018750 0.019444
0 0.603516 0.299306 0.019531 0.015278
0 0.670703 0.315278 0.027344 0.033333
0 0.720312 0.384722 0.017188 0.044444
0 0.944531 0.418750 0.025000 0.031944
0 0.891797 0.320139 0.016406 0.031944
0 0.605859 0.189583 0.019531 0.018056
0 0.683203 0.163194 0.016406 0.015278
0 0.728516 0.133333 0.019531 0.016667
0 0.772656 0.072917 0.018750 0.015278
0 0.828516 0.108333 0.011719 0.013889
0 0.840625 0.085417 0.015625 0.015278
0 0.948047 0.112500 0.014844 0.016667
0 0.991797 0.090972 0.010156 0.009722
0 0.951563 0.065278 0.015625 0.016667
0 0.925781 0.064583 0.017188 0.018056
0 0.951563 0.041667 0.015625 0.013889
0 0.965625 0.047917 0.017188 0.015278
2 0.246094 0.431944 0.028125 0.086111
1 0.239844 0.295139 0.021875 0.031944
1 0.614844 0.109028 0.029687 0.029167
