0 0.696484 0.561111 0.013281 0.033333
0 0.424609 0.739583 0.019531 0.051389
0 0.384766 0.664583 0.016406 0.045833
0 0.166406 0.649306 0.034375 0.034722
0 0.023047 0.272222 0.021094 0.022222
0 0.076172 0.286111 0.021094 0.019444
0 0.445703 0.359722 0.016406 0.022222
0 0.413672 0.321528 0.016406 0.023611
0 0.460938 0.227778 0.014062 0.019444
0 0.523828 0.240278 0.011719 0.016667
0 0.515234 0.174306 0.010156 0.018056
0 0.582812 0.075000 0.009375 0.013889
0 0.607031 0.025000 0.007812 0.013889
0 0.665625 0.040278 0.007812 0.013889
2 0.702734 0.477778 0.016406 0.047222
