0 0.284375 0.495833 0.023438 0.027778
0 0.226172 0.638194 0.025781 0.031944
0 0.145313 0.661111 0.025000 0.036111
0 0.511719 0.306250 0.014062 0.015278
0 0.421875 0.247917 0.018750 0.018056
0 0.547266 0.195139 0.010156 0.018056
0 0.585938 0.132639 0.010937 0.012500
0 0.605078 0.122917 0.010156 0.012500
0 0.644531 0.115278 0.007812 0.011111
0 0.654297 0.074306 0.010156 0.006944
0 0.762109 0.215972 0.014844 0.015278
0 0.717188 0.313889 0.012500 0.019444
0 0.833984 0.292361 0.016406 0.015278
2 0.847266 0.209722 0.039844 0.025000
1 0.116797 0.803472 0.047656 0.062500
