0 0.612109 0.859028 0.028906 0.040278
0 0.467187 0.906944 0.035937 0.047222
0 0.148438 0.667361 0.028125 0.045833
0 0.108984 0.668750 0.032031 0.045833
0 0.287500 0.323611 0.021875 0.022222
0 0.353125 0.386806 0.017188 0.020833
0 0.387500 0.366667 0.017188 0.022222
0 0.415234 0.309028 0.017969 0.020833
0 0.460547 0.272222 0.016406 0.022222
0 0.498437 0.266667 0.010937 0.019444
0 0.480859 0.226389 0.013281 0.016667
0 0.583594 0.143056 0.007812 0.011111
0 0.610547 0.113194 0.008594 0.015278
2 0.705859 0.350000 0.016406 0.033333
