0 0.030859 0.379861 0.044531 0.026389
0 0.150391 0.509028 0.021094 0.048611
0 0.181641 0.605556 0.028906 0.022222
0 0.244531 0.538889 0.018750 0.036111
0 0.225391 0.313889 0.013281 0.025000
0 0.178516 0.165278 0.017969 0.022222
0 0.461719 0.134028 0.017188 0.018056
0 0.514063 0.120833 0.018750 0.022222
0 0.520312 0.208333 0.018750 0.019444
0 0.546484 0.324306 0.025781 0.026389
0 0.546094 0.610417 0.023438 0.037500
0 0.578906 0.528472 0.023438 0.026389
0 0.715625 0.433333 0.025000 0.025000
0 0.700391 0.381944 0.013281 0.033333
0 0.737891 0.334028 0.016406 0.037500
0 0.883594 0.374306 0.020312 0.009722
0 0.835156 0.243056 0.009375 0.022222
0 0.910156 0.136806 0.017188 0.015278
0 0.849609 0.115278 0.014844 0.013889
0 0.895312 0.077778 0.017188 0.011111
0 0.961328 0.025694 0.017969 0.015278
0 0.799219 0.051389 0.021875 0.013889
0 0.832031 0.072222 0.017188 0.008333
0 0.683594 0.155556 0.017188 0.013889
0 0.724609 0.186806 0.017969 0.018056
0 0.492578 0.350694 0.021094 0.023611
0 0.460547 0.270139 0.021094 0.020833
0 0.575000 0.184028 0.018750 0.018056
0 0.601172 0.163889 0.021094 0.022222
0 0.382031 0.256944 0.015625 0.019444
0 0.446484 0.220139 0.019531 0.018056
0 0.353906 0.310417 0.017188 0.020833
0 0.410156 0.359028 0.020312 0.020833
0 0.425000 0.298611 0.017188 0.016667
0 0.412891 0.152083 0.017969 0.015278
0 0.439844 0.142361 0.017188 0.020833
0 0.345313 0.172917 0.021875 0.018056
0 0.319531 0.176389 0.017188 0.011111
0 0.297656 0.172917 0.018750 0.012500
0 0.255078 0.142361 0.013281 0.020833
0 0.243750 0.113194 0.006250 0.018056
0 0.235547 0.093056 0.008594 0.019444
0 0.225781 0.075000 0.007812 0.019444
0 0.217187 0.054167 0.010937 0.016667
0 0.126172 0.913889 0.036719 0.030556
1 0.374219 0.173611 0.031250 0.033333
1 0.225391 0.163889 0.022656 0.025000
1 0.777734 0.102778 0.021094 0.019444
1 0.928906 0.017361 0.017188 0.018056
2 0.236719 0.255556 0.032812 0.066667
