2 0.325000 0.554861 0.039062 0.051389
1 0.364844 0.344444 0.034375 0.052778
0 0.544141 0.887500 0.033594 0.030556
0 0.551172 0.599306 0.028906 0.023611
0 0.651172 0.334722 0.013281 0.030556
0 0.697266 0.304861 0.014844 0.015278
0 0.714063 0.281944 0.018750 0.016667
0 0.784375 0.275694 0.021875 0.020833
0 0.848047 0.222917 0.016406 0.012500
0 0.892578 0.172222 0.013281 0.011111
0 0.928125 0.147222 0.010937 0.011111
0 0.470703 0.226389 0.013281 0.016667
0 0.503906 0.166667 0.009375 0.016667
0 0.520312 0.155556 0.010937 0.011111
0 0.533203 0.109722 0.010156 0.016667
0 0.596484 0.096528 0.010156 0.012500
0 0.681641 0.163889 0.016406 0.011111
0 0.208594 0.356944 0.021875 0.016667
0 0.290625 0.323611 0.020312 0.025000
0 0.121875 0.775694 0.034375 0.040278
0 0.160156 0.756250 0.032812 0.043056
0 0.146094 0.665278 0.023438 0.036111
0 0.144531 0.635417 0.025000 0.037500
