0 0.099219 0.922222 0.039062 0.027778
0 0.226562 0.630556 0.031250 0.041667
0 0.297656 0.631944 0.032812 0.033333
0 0.487500 0.609028 0.025000 0.031944
0 0.492188 0.570139 0.023438 0.034722
0 0.533984 0.609722 0.027344 0.033333
0 0.569531 0.580556 0.025000 0.030556
0 0.778906 0.487500 0.023438 0.027778
0 0.784375 0.413194 0.018750 0.045833
0 0.855078 0.547222 0.021094 0.036111
0 0.666406 0.429167 0.025000 0.027778
0 0.696484 0.361806 0.014844 0.037500
0 0.625391 0.293056 0.019531 0.019444
0 0.988281 0.032639 0.014062 0.012500
0 0.910547 0.038889 0.014844 0.013889
0 0.896875 0.077778 0.012500 0.013889
0 0.878125 0.030556 0.015625 0.016667
0 0.913672 0.013194 0.013281 0.009722
0 0.826172 0.068750 0.016406 0.018056
0 0.805469 0.136806 0.017188 0.015278
0 0.708984 0.169444 0.016406 0.013889
0 0.710547 0.133333 0.014844 0.019444
0 0.697266 0.113889 0.014844 0.016667
0 0.598437 0.177778 0.015625 0.016667
0 0.612891 0.150000 0.016406 0.019444
0 0.514453 0.213889 0.017969 0.019444
0 0.505469 0.122222 0.015625 0.016667
0 0.479297 0.125000 0.019531 0.019444
0 0.453125 0.132639 0.015625 0.018056
0 0.430078 0.138889 0.019531 0.016667
0 0.405078 0.149306 0.016406 0.015278
0 0.382031 0.158333 0.017188 0.016667
0 0.361328 0.163194 0.021094 0.020833
0 0.333984 0.170139 0.019531 0.020833
0 0.412500 0.256944 0.018750 0.016667
0 0.376172 0.327778 0.021094 0.019444
0 0.331641 0.390972 0.019531 0.020833
0 0.250781 0.152083 0.012500 0.018056
0 0.233203 0.113889 0.008594 0.016667
0 0.217578 0.084028 0.011719 0.018056
0 0.211328 0.063889 0.011719 0.019444
0 0.188281 0.131250 0.015625 0.023611
0 0.182422 0.110417 0.011719 0.026389
0 0.197266 0.106944 0.008594 0.019444
1 0.029297 0.387500 0.039844 0.033333
1 0.283594 0.190972 0.034375 0.018056
1 0.399219 0.231944 0.021875 0.022222
1 0.410547 0.281250 0.052344 0.040278
1 0.667969 0.311111 0.021875 0.033333
1 0.742969 0.093056 0.021875 0.019444
1 0.795703 0.068056 0.022656 0.019444
1 0.834375 0.025000 0.014062 0.016667
2 0.475000 0.281944 0.046875 0.041667
2 0.195312 0.163889 0.050000 0.036111
