1 0.229297 0.659028 0.038281 0.045833
2 0.825781 0.209028 0.043750 0.029167
0 0.039062 0.902083 0.042188 0.048611
0 0.055078 0.739583 0.030469 0.040278
0 0.397656 0.270139 0.014062 0.018056
0 0.449219 0.327083 0.017188 0.018056
0 0.482031 0.261111 0.021875 0.019444
0 0.515625 0.236806 0.012500 0.018056
0 0.583203 0.154167 0.014844 0.013889
0 0.712500 0.334028 0.012500 0.023611
0 0.751172 0.229861 0.013281 0.015278
0 0.789453 0.304861 0.017969 0.012500
0 0.867578 0.295139 0.019531 0.015278
0 0.696094 0.102778 0.009375 0.008333
0 0.661719 0.095833 0.007812 0.002778
0 0.647266 0.116667 0.011719 0.008333
0 0.637500 0.090972 0.009375 0.012500
