0 0.142188 0.345833 0.015625 0.019444
0 0.389062 0.528472 0.023438 0.031944
0 0.533203 0.569444 0.030469 0.036111
0 0.453516 0.826389 0.025781 0.050000
0 0.508203 0.238194 0.010156 0.015278
0 0.506641 0.190972 0.013281 0.018056
0 0.523047 0.184028 0.013281 0.018056
0 0.596484 0.063889 0.010156 0.008333
0 0.630078 0.017361 0.008594 0.012500
0 0.652344 0.133333 0.009375 0.016667
0 0.714063 0.173611 0.014062 0.016667
0 0.696094 0.238194 0.017188 0.031944
0 0.693359 0.302778 0.013281 0.025000
0 0.840625 0.282639 0.017188 0.015278
2 0.518359 0.254167 0.022656 0.038889
