0 0.410937 0.691667 0.025000 0.036111
0 0.387500 0.656250 0.020312 0.034722
0 0.437891 0.551389 0.022656 0.025000
0 0.672266 0.593056 0.010156 0.027778
0 0.681641 0.518750 0.011719 0.029167
0 0.654688 0.343750 0.006250 0.023611
0 0.737891 0.275694 0.016406 0.012500
0 0.650781 0.227083 0.017188 0.015278
0 0.467187 0.311111 0.012500 0.016667
0 0.209766 0.340278 0.019531 0.016667
0 0.439063 0.257639 0.007812 0.020833
0 0.624219 0.100694 0.006250 0.015278
1 0.119141 0.411111 0.022656 0.044444
1 0.566797 0.063889 0.016406 0.027778
0 0.395703 0.290972 0.011719 0.020833
0 0.403906 0.377083 0.017188 0.020833
1 0.182812 0.718750 0.034375 0.040278
0 0.788672 0.268056 0.019531 0.013889
0 0.514453 0.149306 0.013281 0.012500
