2 0.378906 0.647222 0.075000 0.044444
1 0.152344 0.951389 0.037500 0.072222
1 0.166406 0.332639 0.012500 0.020833
1 0.694922 0.159722 0.036719 0.027778
1 0.019922 0.399306 0.028906 0.029167
0 0.034375 0.781250 0.023438 0.054167
0 0.219922 0.809722 0.027344 0.050000
0 0.187500 0.425000 0.014062 0.036111
0 0.057031 0.452083 0.026563 0.020833
0 0.180078 0.199306 0.014844 0.023611
0 0.264062 0.286111 0.021875 0.027778
0 0.300391 0.208333 0.013281 0.022222
0 0.243750 0.334028 0.015625 0.034722
0 0.297656 0.168056 0.012500 0.019444
0 0.289453 0.145833 0.011719 0.016667
0 0.281250 0.123611 0.012500 0.022222
0 0.271094 0.101389 0.010937 0.016667
0 0.257422 0.066667 0.016406 0.019444
0 0.248437 0.041667 0.010937 0.016667
0 0.220703 0.011806 0.008594 0.020833
0 0.348437 0.280556 0.023438 0.016667
0 0.325781 0.273611 0.023438 0.025000
0 0.466406 0.250694 0.020312 0.018056
0 0.446094 0.317361 0.018750 0.023611
0 0.540625 0.283333 0.018750 0.022222
0 0.553906 0.638194 0.025000 0.031944
0 0.666016 0.473611 0.019531 0.022222
0 0.719141 0.363889 0.027344 0.044444
0 0.946875 0.399306 0.026563 0.031944
0 0.803516 0.165972 0.017969 0.018056
0 0.782812 0.139583 0.014062 0.015278
0 0.797266 0.111806 0.016406 0.018056
0 0.480469 0.141667 0.017188 0.019444
0 0.501953 0.137500 0.014844 0.016667
0 0.419922 0.159722 0.016406 0.016667
0 0.446094 0.152083 0.017188 0.015278
0 0.373828 0.170139 0.019531 0.018056
0 0.846484 0.092361 0.016406 0.015278
0 0.912109 0.086111 0.016406 0.013889
0 0.922656 0.064583 0.010937 0.015278
0 0.928516 0.127778 0.014844 0.011111
0 0.883594 0.201389 0.012500 0.022222
0 0.982031 0.053472 0.014062 0.012500
0 0.938672 0.107639 0.016406 0.012500
