0 0.260938 0.288194 0.017188 0.029167
0 0.133984 0.213889 0.021094 0.025000
0 0.156641 0.198611 0.017969 0.022222
0 0.196875 0.170139 0.020312 0.020833
0 0.240625 0.046528 0.010937 0.015278
0 0.268359 0.109028 0.011719 0.018056
0 0.279687 0.139583 0.012500 0.018056
0 0.298047 0.181944 0.013281 0.019444
0 0.287109 0.245139 0.016406 0.026389
0 0.275781 0.215278 0.012500 0.025000
0 0.111328 0.628472 0.032031 0.040278
0 0.182812 0.602778 0.031250 0.025000
0 0.134375 0.916667 0.034375 0.025000
0 0.471094 0.722222 0.031250 0.041667
0 0.600781 0.598611 0.028125 0.036111
0 0.712891 0.365278 0.014844 0.030556
0 0.621875 0.322222 0.021875 0.022222
0 0.443359 0.393750 0.024219 0.034722
0 0.437891 0.268750 0.019531 0.023611
0 0.536328 0.276389 0.019531 0.022222
0 0.455469 0.154861 0.017188 0.018056
0 0.433594 0.161111 0.017188 0.022222
0 0.379297 0.180556 0.017969 0.016667
0 0.218359 0.164583 0.017969 0.020833
0 0.651563 0.169444 0.018750 0.016667
0 0.752734 0.130556 0.014844 0.013889
0 0.790625 0.175000 0.017188 0.019444
0 0.864844 0.141667 0.018750 0.013889
0 0.927344 0.081250 0.015625 0.015278
0 0.958984 0.054167 0.016406 0.016667
0 0.989062 0.009028 0.015625 0.012500
0 0.512500 0.236111 0.018750 0.013889
1 0.263672 0.250000 0.021094 0.027778
1 0.352734 0.341667 0.025781 0.022222
1 0.369922 0.279167 0.021094 0.019444
1 0.664062 0.109722 0.021875 0.019444
0 0.718750 0.168750 0.017188 0.023611
0 0.733594 0.195833 0.018750 0.022222
0 0.405078 0.184028 0.019531 0.020833
0 0.324219 0.180556 0.020312 0.019444
0 0.258984 0.086806 0.011719 0.020833
