2 0.250000 0.463889 0.035937 0.080556
1 0.662891 0.098611 0.032031 0.033333
0 0.148828 0.557639 0.022656 0.040278
0 0.060938 0.517361 0.031250 0.034722
0 0.178906 0.880556 0.039062 0.036111
0 0.288281 0.587500 0.023438 0.044444
0 0.465625 0.646528 0.029687 0.031944
0 0.556641 0.547917 0.025781 0.031944
0 0.177734 0.220833 0.014844 0.027778
0 0.249219 0.273611 0.018750 0.027778
0 0.297656 0.172917 0.014062 0.026389
0 0.487500 0.136806 0.014062 0.018056
0 0.287500 0.147222 0.012500 0.022222
0 0.280859 0.121528 0.011719 0.020833
0 0.271094 0.105556 0.007812 0.019444
0 0.261719 0.084028 0.007812 0.018056
0 0.255859 0.065278 0.007031 0.013889
0 0.248437 0.045139 0.009375 0.018056
0 0.326172 0.168056 0.019531 0.016667
0 0.348047 0.175000 0.016406 0.016667
0 0.373047 0.168750 0.021094 0.018056
0 0.397656 0.162500 0.020312 0.019444
0 0.420312 0.158333 0.018750 0.019444
0 0.442578 0.149306 0.016406 0.018056
0 0.466406 0.140972 0.020312 0.018056
0 0.507812 0.210417 0.018750 0.020833
0 0.496484 0.263889 0.021094 0.019444
0 0.414844 0.309028 0.017188 0.018056
0 0.397266 0.263889 0.019531 0.019444
0 0.560547 0.321528 0.022656 0.020833
0 0.644141 0.309028 0.021094 0.018056
0 0.710938 0.352778 0.017188 0.036111
0 0.918359 0.360417 0.027344 0.034722
0 0.979688 0.448611 0.028125 0.036111
0 0.611719 0.197917 0.017188 0.020833
0 0.600391 0.175694 0.019531 0.015278
0 0.533203 0.215972 0.017969 0.020833
0 0.746875 0.138889 0.017188 0.013889
0 0.753906 0.116667 0.018750 0.027778
0 0.817187 0.063194 0.017188 0.018056
0 0.792188 0.113889 0.018750 0.016667
0 0.896875 0.134722 0.017188 0.013889
0 0.943750 0.114583 0.015625 0.018056
0 0.887109 0.081250 0.013281 0.015278
0 0.978516 0.043750 0.016406 0.015278
