0 0.581641 0.865972 0.033594 0.040278
0 0.410937 0.362500 0.017188 0.022222
0 0.245703 0.524306 0.022656 0.026389
0 0.238672 0.491667 0.022656 0.027778
0 0.159766 0.311806 0.019531 0.018056
0 0.223438 0.325000 0.025000 0.022222
0 0.121484 0.647917 0.038281 0.054167
0 0.835938 0.256250 0.014062 0.012500
0 0.860156 0.251389 0.017188 0.013889
0 0.887500 0.212500 0.012500 0.013889
0 0.914453 0.193750 0.013281 0.012500
0 0.536328 0.139583 0.008594 0.018056
0 0.562891 0.111806 0.010156 0.018056
0 0.551953 0.101389 0.008594 0.011111
0 0.470703 0.141667 0.011719 0.011111
0 0.449609 0.273611 0.013281 0.016667
0 0.458203 0.245139 0.010156 0.018056
0 0.645312 0.029861 0.007812 0.009722
0 0.609375 0.028472 0.009375 0.012500
0 0.642969 0.095139 0.007812 0.012500
0 0.638672 0.113194 0.008594 0.012500
0 0.577734 0.067361 0.008594 0.012500
1 0.612500 0.073611 0.021875 0.044444
2 0.670313 0.706944 0.031250 0.063889
