0 0.640625 0.862500 0.032812 0.038889
0 0.249609 0.486806 0.021094 0.018056
0 0.262891 0.313889 0.022656 0.022222
0 0.432422 0.394444 0.016406 0.019444
0 0.485547 0.323611 0.014844 0.019444
0 0.467187 0.260417 0.014062 0.015278
0 0.580469 0.190972 0.009375 0.015278
0 0.599219 0.097222 0.012500 0.013889
0 0.644922 0.095139 0.007031 0.012500
0 0.632031 0.061111 0.006250 0.011111
0 0.649219 0.036111 0.009375 0.008333
0 0.878516 0.275694 0.010156 0.012500
0 0.691406 0.232639 0.015625 0.015278
1 0.561719 0.159722 0.012500 0.019444
1 0.770703 0.259028 0.021094 0.026389
1 0.201562 0.329861 0.023438 0.023611
