2 0.680859 0.654167 0.024219 0.063889
1 0.626953 0.051389 0.021094 0.036111
0 0.093750 0.867361 0.031250 0.043056
0 0.137891 0.628472 0.027344 0.037500
0 0.192969 0.318056 0.021875 0.022222
0 0.412109 0.325694 0.016406 0.018056
0 0.418359 0.293750 0.013281 0.023611
0 0.443750 0.163889 0.014062 0.016667
0 0.632031 0.813889 0.029687 0.044444
0 0.850000 0.244444 0.012500 0.016667
0 0.873828 0.236806 0.013281 0.012500
0 0.902344 0.199306 0.012500 0.018056
0 0.932422 0.181250 0.011719 0.012500
0 0.543750 0.143750 0.007812 0.018056
0 0.560156 0.093056 0.007812 0.008333
0 0.596484 0.051389 0.007031 0.011111
0 0.658594 0.013889 0.006250 0.011111
