1 0.481250 0.393750 0.020312 0.029167
1 0.425391 0.365972 0.017969 0.023611
0 0.524609 0.570139 0.032031 0.026389
0 0.590625 0.568750 0.028125 0.029167
0 0.716797 0.523611 0.011719 0.025000
0 0.845312 0.205556 0.015625 0.013889
0 0.887109 0.281250 0.013281 0.009722
0 0.446094 0.270833 0.014062 0.022222
0 0.199609 0.356944 0.019531 0.025000
0 0.301562 0.354861 0.014062 0.034722
0 0.335156 0.534722 0.021875 0.027778
0 0.194531 0.697222 0.025000 0.033333
0 0.557031 0.220833 0.009375 0.011111
0 0.600391 0.075694 0.010156 0.012500
0 0.557422 0.146528 0.011719 0.015278
0 0.525781 0.175000 0.009375 0.011111
