1 0.428125 0.261111 0.043750 0.022222
1 0.132812 0.555556 0.032812 0.044444
1 0.248828 0.665972 0.016406 0.054167
1 0.974219 0.013194 0.026563 0.020833
2 0.329297 0.622222 0.069531 0.075000
0 0.235938 0.571528 0.004688 0.045833
0 0.111328 0.631250 0.028906 0.043056
0 0.182812 0.319444 0.012500 0.019444
0 0.297266 0.217361 0.013281 0.026389
0 0.282031 0.249306 0.017188 0.029167
0 0.298438 0.170833 0.010937 0.022222
0 0.287109 0.143750 0.010156 0.018056
0 0.276563 0.121528 0.007812 0.018056
0 0.268750 0.101389 0.010937 0.016667
0 0.261719 0.077083 0.007812 0.015278
0 0.250000 0.045833 0.012500 0.022222
0 0.239063 0.020139 0.010937 0.018056
0 0.501172 0.134028 0.016406 0.012500
0 0.476172 0.142361 0.017969 0.018056
0 0.444531 0.152083 0.015625 0.015278
0 0.423047 0.158333 0.019531 0.016667
0 0.399219 0.164583 0.018750 0.015278
0 0.373828 0.168750 0.019531 0.018056
0 0.348437 0.175000 0.014062 0.013889
0 0.328516 0.170833 0.017969 0.013889
0 0.474609 0.305556 0.017969 0.013889
0 0.334375 0.416667 0.021875 0.011111
0 0.552344 0.340278 0.018750 0.016667
0 0.685156 0.463194 0.018750 0.023611
0 0.739844 0.512500 0.025000 0.019444
0 0.498828 0.602778 0.013281 0.016667
0 0.564453 0.275000 0.014844 0.019444
0 0.508984 0.240278 0.017969 0.016667
0 0.571484 0.201389 0.019531 0.008333
0 0.629687 0.171528 0.017188 0.015278
0 0.692578 0.172222 0.019531 0.019444
0 0.711719 0.228472 0.015625 0.009722
0 0.883203 0.378472 0.022656 0.018056
0 0.788672 0.186111 0.019531 0.022222
0 0.865625 0.239583 0.006250 0.029167
0 0.823828 0.159028 0.016406 0.018056
0 0.792969 0.127083 0.018750 0.012500
0 0.869922 0.078472 0.017969 0.015278
0 0.902344 0.079861 0.017188 0.015278
0 0.973047 0.056250 0.014844 0.012500
0 0.986719 0.040972 0.017188 0.018056
0 0.935938 0.051389 0.015625 0.013889
