0 0.362109 0.559028 0.021094 0.031944
0 0.171484 0.735417 0.030469 0.043056
0 0.091797 0.841667 0.033594 0.036111
0 0.065234 0.920833 0.036719 0.058333
0 0.473828 0.284028 0.013281 0.020833
0 0.493359 0.241667 0.011719 0.019444
0 0.535156 0.197222 0.010937 0.016667
0 0.578906 0.207639 0.009375 0.012500
0 0.662500 0.089583 0.010937 0.009722
0 0.705859 0.360417 0.010156 0.026389
0 0.741016 0.245833 0.011719 0.016667
0 0.890625 0.287500 0.015625 0.013889
0 0.603906 0.119444 0.009375 0.013889
2 0.799609 0.206250 0.041406 0.020833
