2 0.500391 0.600000 0.063281 0.075000
1 0.186719 0.184028 0.025000 0.029167
1 0.389453 0.276389 0.022656 0.022222
1 0.656250 0.165972 0.023438 0.018056
1 0.701563 0.168750 0.021875 0.018056
1 0.906250 0.074306 0.034375 0.026389
0 0.298047 0.832639 0.035156 0.037500
0 0.133984 0.600000 0.028906 0.033333
0 0.096484 0.438194 0.024219 0.023611
0 0.025000 0.385417 0.025000 0.026389
0 0.256641 0.065972 0.011719 0.015278
0 0.268750 0.093056 0.015625 0.022222
0 0.249219 0.044444 0.007812 0.013889
0 0.240234 0.023611 0.008594 0.013889
0 0.228906 0.126389 0.014062 0.022222
0 0.176563 0.270833 0.012500 0.022222
0 0.245312 0.440972 0.014062 0.034722
0 0.261719 0.527083 0.023438 0.037500
0 0.300000 0.204861 0.014062 0.023611
0 0.298047 0.170139 0.014844 0.020833
0 0.327344 0.169444 0.021875 0.016667
0 0.374609 0.168750 0.019531 0.015278
0 0.398828 0.165278 0.019531 0.016667
0 0.421484 0.159028 0.021094 0.018056
0 0.448047 0.150000 0.019531 0.016667
0 0.485938 0.137500 0.018750 0.016667
0 0.496094 0.282639 0.020312 0.023611
0 0.521484 0.237500 0.017969 0.019444
0 0.589844 0.325694 0.015625 0.020833
0 0.599609 0.259722 0.017969 0.019444
0 0.704687 0.340972 0.017188 0.029167
0 0.909375 0.347222 0.020312 0.030556
0 0.857031 0.156250 0.014062 0.018056
0 0.728516 0.212500 0.016406 0.013889
0 0.699609 0.209028 0.019531 0.015278
0 0.741797 0.145833 0.017969 0.016667
0 0.759766 0.148611 0.017969 0.016667
0 0.922266 0.113194 0.014844 0.018056
0 0.991016 0.050000 0.013281 0.011111
0 0.983594 0.031250 0.017188 0.018056
0 0.638281 0.182639 0.010937 0.018056
0 0.510938 0.130556 0.015625 0.016667
