2 0.240625 0.251389 0.032812 0.061111
1 0.347656 0.180556 0.032812 0.027778
1 0.198047 0.160417 0.025781 0.023611
1 0.713672 0.126389 0.021094 0.019444
1 0.885938 0.038889 0.017188 0.013889
1 0.494141 0.348611 0.027344 0.027778
0 0.135156 0.608333 0.031250 0.027778
0 0.138281 0.536111 0.020312 0.044444
0 0.046484 0.452778 0.025781 0.027778
0 0.062891 0.361111 0.025781 0.025000
0 0.227344 0.482639 0.017188 0.034722
0 0.180469 0.898611 0.037500 0.041667
0 0.153125 0.179167 0.021875 0.022222
0 0.255078 0.145833 0.021094 0.036111
0 0.296094 0.174306 0.018750 0.018056
0 0.318359 0.179861 0.017969 0.020833
0 0.371094 0.165972 0.015625 0.018056
0 0.389844 0.158333 0.018750 0.019444
0 0.412891 0.152083 0.014844 0.015278
0 0.437891 0.139583 0.017969 0.015278
0 0.459766 0.133333 0.019531 0.011111
0 0.495703 0.125694 0.017969 0.020833
0 0.440625 0.236111 0.020312 0.022222
0 0.451172 0.270139 0.019531 0.020833
0 0.478125 0.324306 0.020312 0.023611
0 0.536719 0.325000 0.023438 0.030556
0 0.507031 0.263889 0.018750 0.016667
0 0.500391 0.213194 0.019531 0.018056
0 0.532031 0.188194 0.021875 0.020833
0 0.551172 0.228472 0.021094 0.015278
0 0.607813 0.169444 0.017188 0.016667
0 0.584375 0.305556 0.021875 0.025000
0 0.321094 0.338889 0.023438 0.022222
0 0.330469 0.418056 0.020312 0.013889
0 0.296484 0.292361 0.021094 0.020833
0 0.369531 0.250000 0.020312 0.022222
0 0.538672 0.563194 0.022656 0.031944
0 0.587500 0.570139 0.021875 0.026389
0 0.675391 0.451389 0.024219 0.030556
0 0.698828 0.390972 0.013281 0.037500
0 0.746094 0.340278 0.015625 0.030556
0 0.844141 0.370833 0.024219 0.019444
0 0.836328 0.209028 0.014844 0.015278
0 0.778906 0.086111 0.015625 0.016667
0 0.238281 0.106944 0.010937 0.019444
0 0.228516 0.086111 0.010156 0.016667
0 0.221484 0.068056 0.007031 0.013889
0 0.212500 0.047917 0.012500 0.015278
0 0.191797 0.040972 0.010156 0.018056
0 0.749609 0.059028 0.019531 0.015278
0 0.896875 0.088889 0.014062 0.011111
0 0.943750 0.111111 0.017188 0.016667
0 0.944531 0.009722 0.018750 0.016667
0 0.983203 0.013889 0.013281 0.016667
