1 0.571484 0.119444 0.032031 0.030556
1 0.253516 0.262500 0.022656 0.030556
2 0.240234 0.394444 0.024219 0.080556
0 0.294922 0.825000 0.033594 0.041667
0 0.094922 0.655556 0.028906 0.041667
0 0.382422 0.673611 0.027344 0.025000
0 0.444531 0.628472 0.029687 0.034722
0 0.254687 0.497222 0.017188 0.033333
0 0.175391 0.277083 0.011719 0.031944
0 0.055859 0.354861 0.024219 0.026389
0 0.397656 0.329167 0.020312 0.022222
0 0.384375 0.266667 0.023438 0.019444
0 0.356250 0.258333 0.021875 0.019444
0 0.274219 0.217361 0.015625 0.026389
0 0.487109 0.136111 0.016406 0.019444
0 0.466016 0.143056 0.021094 0.019444
0 0.441016 0.151389 0.016406 0.022222
0 0.419531 0.158333 0.017188 0.019444
0 0.397656 0.163889 0.018750 0.022222
0 0.372266 0.169444 0.017969 0.019444
0 0.347266 0.173611 0.016406 0.013889
0 0.324609 0.167361 0.019531 0.018056
0 0.291406 0.156250 0.010937 0.020833
0 0.282813 0.131944 0.012500 0.019444
0 0.275391 0.109028 0.011719 0.015278
0 0.266797 0.094444 0.010156 0.019444
0 0.258203 0.074306 0.011719 0.018056
0 0.251953 0.054861 0.008594 0.015278
0 0.243750 0.032639 0.010937 0.015278
0 0.455859 0.251389 0.017969 0.019444
0 0.463281 0.224306 0.017188 0.018056
0 0.535547 0.213889 0.019531 0.016667
0 0.635938 0.292361 0.018750 0.020833
0 0.719922 0.400000 0.010156 0.030556
0 0.691797 0.324306 0.024219 0.031944
0 0.638672 0.211111 0.021094 0.019444
0 0.616406 0.185417 0.018750 0.018056
0 0.664062 0.162500 0.020312 0.019444
0 0.728125 0.086806 0.020312 0.018056
0 0.767187 0.128472 0.015625 0.018056
0 0.786328 0.106944 0.017969 0.016667
0 0.873438 0.095139 0.017188 0.012500
0 0.871484 0.283333 0.011719 0.027778
0 0.911328 0.399306 0.025781 0.029167
0 0.901953 0.084722 0.017969 0.016667
0 0.964063 0.047222 0.012500 0.013889
