1 0.584766 0.042361 0.013281 0.029167
1 0.208594 0.659028 0.031250 0.043056
0 0.079297 0.884722 0.030469 0.041667
0 0.062109 0.775000 0.030469 0.050000
0 0.023047 0.763194 0.035156 0.048611
0 0.437500 0.654167 0.028125 0.036111
0 0.642969 0.761806 0.021875 0.040278
0 0.618750 0.522222 0.023438 0.033333
0 0.643359 0.448611 0.017969 0.036111
0 0.607031 0.217361 0.020312 0.012500
0 0.739844 0.273611 0.021875 0.019444
0 0.777734 0.267361 0.021094 0.015278
0 0.841797 0.255556 0.016406 0.013889
0 0.492188 0.337500 0.014062 0.019444
0 0.420312 0.303472 0.014062 0.018056
0 0.382031 0.438889 0.017188 0.030556
0 0.475391 0.226389 0.011719 0.016667
0 0.492188 0.187500 0.010937 0.019444
0 0.460547 0.210417 0.011719 0.020833
0 0.542578 0.127083 0.013281 0.015278
0 0.594141 0.104167 0.008594 0.011111
0 0.640234 0.020833 0.007031 0.011111
0 0.121484 0.418056 0.021094 0.033333
0 0.202734 0.361111 0.022656 0.022222
0 0.319531 0.286806 0.017188 0.020833
