2 0.973047 0.439583 0.049219 0.070833
2 0.229687 0.015278 0.014062 0.027778
1 0.722656 0.202778 0.021875 0.019444
1 0.436719 0.177778 0.023438 0.019444
1 0.217578 0.161111 0.025781 0.019444
1 0.026172 0.407639 0.036719 0.026389
0 0.012109 0.940972 0.019531 0.062500
0 0.031641 0.770833 0.024219 0.052778
0 0.405859 0.778472 0.032031 0.034722
0 0.654688 0.509722 0.026563 0.030556
0 0.687109 0.538889 0.033594 0.030556
0 0.780859 0.521528 0.027344 0.029167
0 0.719531 0.420833 0.015625 0.036111
0 0.697266 0.336806 0.022656 0.029167
0 0.607813 0.209722 0.020312 0.022222
0 0.682422 0.169444 0.019531 0.022222
0 0.468750 0.300694 0.021875 0.023611
0 0.419922 0.236111 0.022656 0.025000
0 0.456641 0.156944 0.016406 0.019444
0 0.752344 0.095833 0.017188 0.016667
0 0.766406 0.150694 0.020312 0.020833
0 0.818359 0.127778 0.016406 0.016667
0 0.856250 0.097917 0.015625 0.018056
0 0.971094 0.059028 0.015625 0.012500
0 0.992969 0.084722 0.010937 0.011111
0 0.847266 0.149306 0.016406 0.018056
0 0.310156 0.342361 0.021875 0.018056
0 0.328516 0.306944 0.022656 0.019444
0 0.380469 0.177778 0.017188 0.016667
0 0.408594 0.171528 0.020312 0.020833
0 0.280078 0.213194 0.011719 0.023611
0 0.288281 0.240278 0.015625 0.025000
0 0.319531 0.178472 0.020312 0.020833
0 0.220313 0.121528 0.010937 0.018056
0 0.152344 0.204861 0.018750 0.020833
0 0.167969 0.238889 0.010937 0.027778
0 0.113672 0.229167 0.021094 0.022222
0 0.030078 0.279167 0.024219 0.025000
0 0.267969 0.102778 0.010937 0.019444
0 0.284375 0.145139 0.012500 0.018056
0 0.247656 0.059722 0.009375 0.019444
0 0.240625 0.044444 0.009375 0.011111
