0 0.378516 0.606944 0.019531 0.038889
0 0.295703 0.414583 0.013281 0.031944
0 0.116406 0.425000 0.014062 0.027778
0 0.132422 0.374306 0.013281 0.023611
0 0.396875 0.302083 0.017188 0.026389
0 0.708203 0.244444 0.014844 0.019444
0 0.706250 0.306250 0.014062 0.015278
0 0.783984 0.275694 0.017969 0.020833
0 0.821094 0.272917 0.018750 0.018056
0 0.741016 0.181944 0.016406 0.013889
0 0.703906 0.170833 0.018750 0.013889
0 0.590234 0.127083 0.008594 0.012500
0 0.595312 0.042361 0.009375 0.012500
0 0.585156 0.018750 0.007812 0.009722
0 0.587500 0.070139 0.009375 0.009722
0 0.519922 0.156250 0.011719 0.018056
1 0.468750 0.295139 0.048437 0.070833
1 0.580078 0.124306 0.008594 0.012500
2 0.483984 0.864583 0.049219 0.073611
