2 0.630469 0.096528 0.015625 0.029167
1 0.667188 0.785417 0.018750 0.045833
1 0.657031 0.502778 0.015625 0.033333
1 0.806250 0.288194 0.020312 0.020833
1 0.265234 0.741667 0.030469 0.041667
1 0.107031 0.774306 0.046875 0.045833
0 0.207422 0.675694 0.024219 0.034722
0 0.194141 0.454861 0.021094 0.026389
0 0.283203 0.377778 0.013281 0.022222
0 0.499219 0.234028 0.012500 0.018056
0 0.573828 0.175694 0.010156 0.018056
0 0.650391 0.033333 0.007031 0.005556
0 0.633984 0.039583 0.008594 0.012500
0 0.611328 0.047917 0.007031 0.012500
0 0.597266 0.070139 0.011719 0.009722
0 0.585547 0.113194 0.010156 0.012500
