0 0.093750 0.245833 0.023438 0.025000
0 0.022656 0.475000 0.026563 0.022222
0 0.028516 0.407639 0.027344 0.026389
0 0.013672 0.379861 0.025781 0.020833
0 0.026563 0.278472 0.023438 0.018056
0 0.193750 0.170139 0.017188 0.020833
0 0.241797 0.043056 0.008594 0.011111
0 0.268359 0.102778 0.011719 0.025000
0 0.283594 0.140972 0.012500 0.018056
0 0.289062 0.239583 0.015625 0.023611
0 0.298828 0.214583 0.014844 0.023611
0 0.268359 0.173611 0.014844 0.022222
0 0.327344 0.193056 0.020312 0.013889
0 0.380078 0.179861 0.016406 0.018056
0 0.407031 0.167361 0.020312 0.020833
0 0.434766 0.159722 0.019531 0.019444
0 0.356641 0.292361 0.021094 0.023611
0 0.457031 0.302778 0.020312 0.019444
0 0.467969 0.244444 0.021875 0.019444
0 0.516406 0.281250 0.020312 0.020833
0 0.550000 0.594444 0.026563 0.038889
0 0.542188 0.653472 0.020312 0.026389
0 0.636328 0.497222 0.027344 0.027778
0 0.720312 0.431250 0.021875 0.031944
0 0.790625 0.520833 0.037500 0.033333
0 0.905469 0.584028 0.029687 0.037500
0 0.686328 0.217361 0.021094 0.018056
0 0.615625 0.113889 0.018750 0.013889
0 0.457422 0.152778 0.016406 0.022222
0 0.219922 0.122917 0.011719 0.020833
0 0.207422 0.147222 0.016406 0.016667
0 0.564062 0.222917 0.017188 0.023611
0 0.576953 0.244444 0.019531 0.016667
0 0.619531 0.202083 0.017188 0.015278
0 0.677344 0.184722 0.021875 0.008333
0 0.807422 0.133333 0.022656 0.011111
0 0.895703 0.129861 0.017969 0.012500
0 0.905469 0.069444 0.014062 0.016667
0 0.860547 0.056250 0.016406 0.018056
0 0.929297 0.038194 0.014844 0.012500
0 0.989453 0.084722 0.014844 0.013889
0 0.971484 0.061806 0.014844 0.015278
1 0.161328 0.191667 0.028906 0.025000
1 0.766016 0.136806 0.017969 0.015278
1 0.775781 0.121528 0.015625 0.015278
1 0.233594 0.157639 0.025000 0.020833
2 0.907422 0.399306 0.066406 0.056944
2 0.229687 0.009722 0.017188 0.019444
