0 0.076563 0.663889 0.032812 0.044444
0 0.148047 0.606944 0.030469 0.025000
0 0.188281 0.903472 0.032812 0.040278
0 0.263281 0.277083 0.014062 0.029167
0 0.286328 0.243056 0.017969 0.022222
0 0.298047 0.215972 0.013281 0.023611
0 0.297266 0.181250 0.011719 0.018056
0 0.291797 0.162500 0.013281 0.019444
0 0.278125 0.136111 0.009375 0.013889
0 0.263672 0.111806 0.003906 0.029167
0 0.214062 0.164583 0.017188 0.020833
0 0.190234 0.177083 0.019531 0.020833
0 0.151562 0.200694 0.017188 0.018056
0 0.129688 0.218750 0.020312 0.020833
0 0.355469 0.297917 0.020312 0.015278
0 0.426562 0.261111 0.020312 0.016667
0 0.523828 0.360417 0.022656 0.023611
0 0.517969 0.684722 0.020312 0.030556
0 0.644141 0.561806 0.022656 0.029167
0 0.722266 0.392361 0.013281 0.034722
0 0.658594 0.320833 0.021875 0.016667
0 0.608203 0.248611 0.019531 0.019444
0 0.585547 0.195139 0.019531 0.020833
0 0.649609 0.195139 0.017969 0.018056
0 0.693750 0.154167 0.014062 0.016667
0 0.941797 0.029167 0.014844 0.013889
0 0.916797 0.120833 0.016406 0.013889
0 0.846875 0.150694 0.015625 0.015278
0 0.790625 0.174306 0.017188 0.018056
0 0.380469 0.192361 0.020312 0.018056
0 0.407422 0.171528 0.021094 0.018056
0 0.217187 0.036111 0.009375 0.013889
1 0.090234 0.365972 0.030469 0.015278
1 0.095312 0.434028 0.026563 0.023611
1 0.433984 0.314583 0.022656 0.018056
1 0.274609 0.229861 0.019531 0.031944
1 0.610937 0.122222 0.023438 0.019444
1 0.911719 0.068056 0.018750 0.019444
2 0.228125 0.012500 0.012500 0.019444
0 0.433594 0.162500 0.018750 0.019444
0 0.455078 0.156250 0.016406 0.020833
