2 0.594141 0.147917 0.017969 0.029167
1 0.587500 0.882639 0.035937 0.037500
0 0.090625 0.736806 0.032812 0.045833
0 0.241797 0.652778 0.028906 0.033333
0 0.300781 0.443750 0.020312 0.031944
0 0.157031 0.413889 0.018750 0.022222
0 0.422656 0.325694 0.017188 0.023611
0 0.391797 0.342361 0.019531 0.026389
0 0.514063 0.256944 0.012500 0.019444
0 0.551562 0.156944 0.014062 0.013889
0 0.609375 0.100000 0.010937 0.011111
0 0.663672 0.084722 0.008594 0.011111
0 0.758594 0.267361 0.018750 0.020833
0 0.891406 0.245833 0.010937 0.016667
0 0.953516 0.145139 0.011719 0.012500
