1 0.635938 0.184722 0.021875 0.019444
1 0.650391 0.163889 0.021094 0.016667
1 0.108594 0.226389 0.028125 0.033333
1 0.183203 0.174306 0.025781 0.023611
2 0.854688 0.396528 0.062500 0.037500
0 0.095312 0.460417 0.028125 0.009722
0 0.186719 0.465972 0.021875 0.037500
0 0.016797 0.281944 0.025781 0.022222
0 0.150000 0.201389 0.025000 0.013889
0 0.290625 0.237500 0.018750 0.027778
0 0.274219 0.165278 0.023438 0.019444
0 0.205469 0.140972 0.015625 0.020833
0 0.220703 0.122222 0.019531 0.011111
0 0.220703 0.019444 0.011719 0.019444
0 0.241406 0.041667 0.010937 0.013889
0 0.255859 0.066667 0.010156 0.013889
0 0.268359 0.100694 0.014844 0.020833
0 0.277734 0.123611 0.013281 0.019444
0 0.310156 0.189583 0.017188 0.018056
0 0.375000 0.175000 0.018750 0.016667
0 0.405859 0.166667 0.021094 0.022222
0 0.432813 0.161111 0.018750 0.022222
0 0.455859 0.153472 0.016406 0.018056
0 0.543359 0.127083 0.017969 0.018056
0 0.530859 0.222222 0.016406 0.019444
0 0.466406 0.254861 0.018750 0.018056
0 0.405469 0.279167 0.018750 0.022222
0 0.094141 0.445139 0.025781 0.023611
0 0.475000 0.653472 0.028125 0.034722
0 0.553906 0.562500 0.026563 0.025000
0 0.617188 0.583333 0.028125 0.033333
0 0.649609 0.490278 0.027344 0.027778
0 0.866797 0.562500 0.025781 0.052778
0 0.612109 0.244444 0.021094 0.022222
0 0.665625 0.228472 0.023438 0.018056
0 0.787109 0.115278 0.016406 0.013889
0 0.769141 0.081944 0.019531 0.013889
0 0.812500 0.164583 0.021875 0.018056
0 0.861719 0.109028 0.015625 0.018056
0 0.954297 0.071528 0.017969 0.009722
0 0.992188 0.083333 0.010937 0.016667
0 0.839063 0.061806 0.012500 0.012500
