2 0.227344 0.497222 0.039062 0.044444
1 0.466406 0.207639 0.028125 0.040278
1 0.487109 0.268750 0.014844 0.023611
0 0.542188 0.977083 0.032812 0.045833
0 0.429297 0.811806 0.022656 0.048611
0 0.264062 0.404167 0.018750 0.027778
0 0.071484 0.446528 0.019531 0.029167
0 0.507812 0.313889 0.014062 0.022222
0 0.680469 0.377778 0.012500 0.025000
0 0.705078 0.246528 0.016406 0.018056
0 0.800781 0.262500 0.017188 0.013889
0 0.758594 0.184028 0.017188 0.012500
0 0.846094 0.219444 0.012500 0.016667
0 0.123828 0.686806 0.024219 0.043056
0 0.160547 0.617361 0.021094 0.034722
0 0.629687 0.538889 0.018750 0.030556
0 0.650391 0.320833 0.010156 0.027778
0 0.556641 0.142361 0.010156 0.018056
0 0.593750 0.098611 0.009375 0.011111
0 0.560547 0.080556 0.010156 0.011111
0 0.580469 0.061111 0.007812 0.011111
0 0.447266 0.145833 0.010156 0.013889
0 0.411328 0.386806 0.016406 0.018056
0 0.371484 0.359722 0.013281 0.019444
0 0.420312 0.297222 0.014062 0.019444
