0 0.071094 0.455556 0.028125 0.025000
0 0.043359 0.395139 0.027344 0.026389
0 0.121094 0.221528 0.021875 0.026389
0 0.206641 0.163889 0.022656 0.019444
0 0.204297 0.143056 0.017969 0.022222
0 0.225391 0.034722 0.010156 0.019444
0 0.242188 0.038194 0.009375 0.018056
0 0.255859 0.066667 0.008594 0.013889
0 0.290234 0.237500 0.017969 0.025000
0 0.298438 0.182639 0.018750 0.018056
0 0.300000 0.209028 0.012500 0.020833
0 0.284375 0.136806 0.012500 0.018056
0 0.332031 0.177778 0.018750 0.013889
0 0.368359 0.179167 0.016406 0.013889
0 0.403125 0.169444 0.017188 0.019444
0 0.430859 0.161111 0.019531 0.016667
0 0.383594 0.285417 0.023438 0.023611
0 0.317969 0.311806 0.023438 0.018056
0 0.170312 0.524306 0.021875 0.040278
0 0.436719 0.675694 0.029687 0.031944
0 0.508984 0.600694 0.027344 0.031944
0 0.600781 0.528472 0.026563 0.034722
0 0.658984 0.547917 0.025781 0.026389
0 0.908984 0.583333 0.032031 0.038889
0 0.450391 0.250000 0.019531 0.019444
0 0.455078 0.152778 0.021094 0.016667
0 0.729297 0.090972 0.028906 0.006944
0 0.794531 0.080556 0.017188 0.005556
0 0.722266 0.151389 0.019531 0.011111
0 0.683984 0.222222 0.014844 0.019444
0 0.607813 0.214583 0.023438 0.012500
0 0.731250 0.198611 0.018750 0.019444
0 0.869922 0.138889 0.019531 0.016667
0 0.902344 0.090972 0.018750 0.015278
0 0.800391 0.133333 0.017969 0.019444
0 0.780078 0.127083 0.019531 0.018056
0 0.517969 0.132639 0.018750 0.018056
1 0.072266 0.252778 0.030469 0.027778
1 0.158984 0.190278 0.025781 0.027778
1 0.565234 0.210417 0.022656 0.015278
1 0.582422 0.189583 0.019531 0.018056
1 0.338281 0.189583 0.026563 0.018056
2 0.824609 0.404167 0.061719 0.038889
1 0.965625 0.063889 0.017188 0.019444
