0 0.013281 0.840278 0.018750 0.041667
0 0.164453 0.941667 0.028906 0.055556
0 0.128906 0.606944 0.026563 0.041667
0 0.171094 0.340278 0.010937 0.027778
0 0.178906 0.467361 0.014062 0.037500
0 0.240234 0.631944 0.013281 0.041667
0 0.278125 0.600000 0.020312 0.038889
0 0.455469 0.679861 0.029687 0.034722
0 0.529688 0.623611 0.025000 0.033333
0 0.539062 0.340972 0.020312 0.023611
0 0.697266 0.290972 0.022656 0.018056
0 0.813672 0.535417 0.027344 0.037500
0 0.978125 0.436111 0.021875 0.036111
0 0.887109 0.319444 0.017969 0.022222
0 0.868750 0.239583 0.007812 0.018056
0 0.780078 0.175694 0.017969 0.020833
0 0.704297 0.171528 0.017969 0.020833
0 0.472656 0.259722 0.017188 0.019444
0 0.847656 0.091667 0.015625 0.016667
0 0.903516 0.120833 0.014844 0.016667
0 0.923047 0.167361 0.014844 0.012500
0 0.969922 0.057639 0.016406 0.012500
0 0.430469 0.164583 0.020312 0.023611
0 0.391797 0.175694 0.016406 0.018056
0 0.352734 0.184722 0.019531 0.019444
0 0.353516 0.302778 0.017969 0.022222
0 0.316406 0.360417 0.021875 0.026389
0 0.274219 0.260417 0.017188 0.029167
0 0.291406 0.220833 0.014062 0.022222
0 0.271094 0.136111 0.012500 0.022222
0 0.255078 0.096528 0.008594 0.018056
0 0.211328 0.127083 0.013281 0.023611
0 0.064453 0.371528 0.017969 0.023611
1 0.297266 0.679167 0.033594 0.047222
1 0.361328 0.708333 0.039844 0.030556
2 0.228516 0.029861 0.016406 0.029167
