0 0.215625 0.445139 0.021875 0.026389
0 0.158203 0.646528 0.024219 0.040278
0 0.446484 0.314583 0.014844 0.018056
0 0.467969 0.192361 0.012500 0.015278
0 0.504687 0.235417 0.017188 0.015278
0 0.746875 0.352778 0.015625 0.022222
0 0.711719 0.279167 0.015625 0.027778
0 0.768359 0.257639 0.017969 0.009722
0 0.800000 0.211806 0.018750 0.026389
0 0.692187 0.142361 0.006250 0.015278
0 0.603516 0.172917 0.011719 0.012500
0 0.581250 0.206250 0.010937 0.015278
0 0.597266 0.127083 0.008594 0.012500
2 0.889844 0.210417 0.037500 0.020833
