2 0.672656 0.033333 0.014062 0.025000
0 0.037891 0.812500 0.030469 0.041667
0 0.085156 0.841667 0.031250 0.044444
0 0.264062 0.771528 0.026563 0.031944
0 0.227734 0.341667 0.017969 0.019444
0 0.308984 0.379167 0.014844 0.030556
0 0.570312 0.572917 0.029687 0.029167
0 0.710938 0.583333 0.014062 0.025000
0 0.874609 0.286806 0.016406 0.018056
0 0.868750 0.199306 0.014062 0.015278
0 0.525391 0.265972 0.014844 0.018056
0 0.415234 0.401389 0.014844 0.022222
0 0.441406 0.309722 0.017188 0.022222
0 0.476172 0.235417 0.010156 0.009722
0 0.545703 0.145139 0.010156 0.012500
1 0.442969 0.459028 0.020312 0.029167
