2 0.572266 0.178472 0.019531 0.031944
0 0.150391 0.388889 0.011719 0.025000
0 0.201172 0.602083 0.027344 0.034722
0 0.141016 0.793056 0.030469 0.041667
0 0.454688 0.536806 0.031250 0.029167
0 0.684375 0.361111 0.014062 0.030556
0 0.477344 0.305556 0.014062 0.022222
0 0.462500 0.273611 0.017188 0.019444
0 0.561328 0.117361 0.011719 0.015278
0 0.630859 0.032639 0.008594 0.009722
0 0.656250 0.108333 0.009375 0.005556
0 0.733594 0.254167 0.017188 0.025000
0 0.878906 0.261111 0.012500 0.016667
0 0.971094 0.136111 0.012500 0.011111
0 0.597656 0.083333 0.009375 0.013889
1 0.535156 0.889583 0.037500 0.037500
1 0.105469 0.690278 0.032812 0.047222
