2 0.644141 0.117361 0.017969 0.029167
1 0.223438 0.589583 0.031250 0.037500
1 0.106250 0.467361 0.023438 0.034722
1 0.876953 0.287500 0.021094 0.022222
1 0.398828 0.372222 0.021094 0.022222
0 0.390234 0.598611 0.019531 0.030556
0 0.717969 0.634028 0.017188 0.034722
0 0.828125 0.297222 0.018750 0.019444
0 0.849609 0.222917 0.017969 0.018056
0 0.566406 0.277778 0.014062 0.016667
0 0.490234 0.236806 0.011719 0.015278
0 0.213281 0.676389 0.021875 0.033333
0 0.107422 0.285417 0.016406 0.015278
0 0.551562 0.184028 0.010937 0.012500
0 0.583984 0.193750 0.013281 0.015278
0 0.610937 0.154861 0.007812 0.009722
0 0.611328 0.100694 0.005469 0.006944
0 0.584375 0.123611 0.010937 0.013889
0 0.661719 0.078472 0.009375 0.012500
