
0 0.417188 0.393056 0.018750 0.022222
0 0.367969 0.390278 0.017188 0.019444
0 0.219922 0.682639 0.025781 0.037500
0 0.092969 0.704861 0.029687 0.048611
0 0.024219 0.765278 0.031250 0.041667
0 0.162891 0.309028 0.021094 0.018056
0 0.314063 0.557639 0.023438 0.031944
0 0.339844 0.552083 0.025000 0.034722
0 0.863672 0.227778 0.013281 0.013889
0 0.885938 0.218056 0.012500 0.013889
0 0.920703 0.187500 0.013281 0.011111
0 0.491406 0.246528 0.012500 0.015278
0 0.480859 0.215972 0.011719 0.018056
0 0.507422 0.168750 0.011719 0.018056
0 0.540234 0.120833 0.011719 0.013889
0 0.644922 0.084722 0.007031 0.013889
0 0.654688 0.066667 0.007812 0.011111
0 0.615234 0.034722 0.008594 0.011111
0 0.592578 0.072917 0.008594 0.009722
1 0.639844 0.030556 0.018750 0.030556
2 0.690625 0.604167 0.021875 0.058333
