2 0.235938 0.321528 0.020312 0.081944
1 0.271875 0.209722 0.018750 0.033333
1 0.491406 0.140278 0.029687 0.025000
0 0.049219 0.788889 0.020312 0.058333
0 0.020703 0.427083 0.025781 0.026389
0 0.178906 0.368056 0.012500 0.025000
0 0.235938 0.416667 0.017188 0.041667
0 0.310156 0.661806 0.031250 0.037500
0 0.354297 0.648611 0.049219 0.058333
0 0.406250 0.750000 0.028125 0.033333
0 0.389062 0.396528 0.023438 0.020833
0 0.326562 0.415972 0.023438 0.012500
0 0.308984 0.272222 0.022656 0.025000
0 0.381641 0.264583 0.021094 0.026389
0 0.460156 0.140278 0.018750 0.019444
0 0.434375 0.149306 0.017188 0.015278
0 0.413281 0.164583 0.017188 0.018056
0 0.391016 0.168750 0.019531 0.018056
0 0.365625 0.170139 0.023438 0.020833
0 0.341406 0.173611 0.017188 0.016667
0 0.319922 0.168750 0.016406 0.015278
0 0.267578 0.167361 0.013281 0.015278
0 0.282031 0.150694 0.010937 0.023611
0 0.272266 0.122222 0.011719 0.016667
0 0.265234 0.100000 0.011719 0.016667
0 0.257812 0.084028 0.009375 0.020833
0 0.250000 0.066667 0.014062 0.022222
0 0.457422 0.236806 0.021094 0.012500
0 0.468359 0.238194 0.019531 0.020833
0 0.515625 0.208333 0.018750 0.016667
0 0.547656 0.272222 0.020312 0.022222
0 0.693750 0.291667 0.020312 0.030556
0 0.715625 0.361111 0.018750 0.038889
0 0.692187 0.450694 0.020312 0.023611
0 0.840234 0.390278 0.025781 0.022222
0 0.940625 0.385417 0.025000 0.031944
0 0.700000 0.198611 0.017188 0.016667
0 0.862891 0.213889 0.013281 0.016667
0 0.629687 0.176389 0.017188 0.016667
0 0.639453 0.100694 0.017969 0.015278
0 0.666406 0.147917 0.021875 0.015278
0 0.747266 0.137500 0.016406 0.011111
0 0.760547 0.160417 0.019531 0.018056
0 0.787109 0.127778 0.013281 0.016667
0 0.860156 0.088194 0.014062 0.015278
0 0.802344 0.105556 0.018750 0.013889
0 0.889063 0.086806 0.012500 0.012500
0 0.947656 0.037500 0.014062 0.013889
0 0.955859 0.013889 0.013281 0.016667
0 0.969922 0.038194 0.016406 0.015278
