2 0.224219 0.172222 0.039062 0.050000
2 0.314844 0.352778 0.054688 0.050000
1 0.546875 0.177083 0.023438 0.023611
1 0.294531 0.184028 0.032812 0.023611
1 0.832031 0.055556 0.018750 0.016667
1 0.878906 0.032639 0.020312 0.020833
1 0.632812 0.295833 0.025000 0.025000
0 0.026563 0.847222 0.021875 0.050000
0 0.294922 0.674306 0.028906 0.031944
0 0.382031 0.659722 0.031250 0.030556
0 0.446875 0.702778 0.032812 0.038889
0 0.493359 0.654167 0.025781 0.030556
0 0.562500 0.506250 0.023438 0.031944
0 0.589063 0.511806 0.025000 0.031944
0 0.765625 0.487500 0.026563 0.027778
0 0.798828 0.459028 0.017969 0.037500
0 0.696484 0.375000 0.014844 0.036111
0 0.672656 0.316667 0.020312 0.027778
0 0.731641 0.311806 0.014844 0.026389
0 0.583594 0.303472 0.020312 0.018056
0 0.372266 0.244444 0.017969 0.022222
0 0.021484 0.375694 0.025781 0.029167
0 0.191016 0.125000 0.013281 0.019444
0 0.224609 0.098611 0.010156 0.016667
0 0.217187 0.076389 0.012500 0.016667
0 0.206641 0.054861 0.008594 0.015278
0 0.199219 0.093750 0.010937 0.018056
0 0.246875 0.141667 0.010937 0.016667
0 0.259766 0.209722 0.010156 0.019444
0 0.335938 0.171528 0.020312 0.012500
0 0.363281 0.164583 0.018750 0.020833
0 0.384375 0.159028 0.018750 0.020833
0 0.406250 0.152083 0.017188 0.015278
0 0.432813 0.140278 0.020312 0.022222
0 0.451953 0.134722 0.014844 0.016667
0 0.480859 0.125000 0.019531 0.016667
0 0.530078 0.109028 0.021094 0.018056
0 0.576953 0.229167 0.019531 0.019444
0 0.562109 0.198611 0.019531 0.013889
0 0.689844 0.192361 0.015625 0.018056
0 0.655078 0.156944 0.016406 0.016667
0 0.652734 0.134722 0.017969 0.019444
0 0.729297 0.102083 0.013281 0.018056
0 0.728906 0.125694 0.017188 0.018056
0 0.831250 0.079167 0.015625 0.013889
0 0.889844 0.081250 0.015625 0.012500
0 0.922266 0.022917 0.014844 0.012500
0 0.796484 0.072222 0.017969 0.013889
