0 0.234766 0.609722 0.036719 0.030556
0 0.291797 0.594444 0.024219 0.044444
0 0.330078 0.634722 0.028906 0.036111
0 0.094922 0.884722 0.035156 0.041667
0 0.053125 0.392361 0.028125 0.020833
0 0.019922 0.267361 0.024219 0.026389
0 0.094531 0.232639 0.023438 0.026389
0 0.132812 0.195139 0.021875 0.020833
0 0.234375 0.017361 0.007812 0.015278
0 0.244141 0.035417 0.008594 0.015278
0 0.254297 0.059722 0.007031 0.016667
0 0.269531 0.097917 0.012500 0.020833
0 0.285937 0.137500 0.014062 0.013889
0 0.298828 0.213194 0.011719 0.023611
0 0.182031 0.188194 0.023438 0.023611
0 0.237109 0.101389 0.010156 0.019444
0 0.326562 0.172222 0.017188 0.019444
0 0.349219 0.176389 0.018750 0.016667
0 0.373437 0.171528 0.020312 0.018056
0 0.403906 0.163194 0.018750 0.018056
0 0.430859 0.156250 0.017969 0.015278
0 0.461328 0.148611 0.019531 0.019444
0 0.516406 0.131250 0.017188 0.018056
0 0.553125 0.122222 0.017188 0.013889
0 0.325391 0.301389 0.019531 0.016667
0 0.362500 0.347917 0.021875 0.020833
0 0.425781 0.393056 0.020312 0.019444
0 0.471094 0.295833 0.018750 0.019444
0 0.498047 0.245139 0.021094 0.020833
0 0.517187 0.261111 0.021875 0.022222
0 0.541016 0.282639 0.021094 0.015278
0 0.612500 0.257639 0.018750 0.018056
0 0.695312 0.222222 0.017188 0.019444
0 0.750781 0.188194 0.017188 0.015278
0 0.732813 0.159722 0.017188 0.016667
0 0.725391 0.149306 0.016406 0.018056
0 0.822656 0.111111 0.017188 0.013889
0 0.900391 0.078472 0.013281 0.012500
0 0.932813 0.075694 0.014062 0.012500
0 0.933203 0.597222 0.028906 0.036111
1 0.016797 0.384722 0.027344 0.025000
1 0.072656 0.353472 0.028125 0.023611
1 0.617578 0.200694 0.022656 0.020833
1 0.848047 0.087500 0.021094 0.022222
1 0.882031 0.097222 0.023438 0.016667
1 0.268750 0.170139 0.023438 0.023611
2 0.618359 0.505556 0.060156 0.058333
