0 0.292578 0.362500 0.021094 0.019444
0 0.260156 0.653472 0.026563 0.031944
0 0.336328 0.650000 0.035156 0.025000
0 0.492578 0.654861 0.028906 0.029167
0 0.532422 0.609722 0.024219 0.027778
0 0.541016 0.556250 0.027344 0.034722
0 0.523828 0.537500 0.032031 0.030556
0 0.050000 0.895833 0.031250 0.047222
0 0.241016 0.129861 0.014844 0.023611
0 0.222266 0.090972 0.013281 0.018056
0 0.214062 0.070833 0.012500 0.016667
0 0.205078 0.051389 0.008594 0.013889
0 0.185156 0.100000 0.009375 0.019444
0 0.197266 0.100694 0.011719 0.018056
0 0.189063 0.128472 0.015625 0.026389
0 0.260156 0.175000 0.010937 0.019444
0 0.291016 0.276389 0.021094 0.019444
0 0.490234 0.226389 0.019531 0.019444
0 0.514844 0.114583 0.021875 0.018056
0 0.478516 0.126389 0.019531 0.022222
0 0.452734 0.132639 0.014844 0.018056
0 0.430469 0.140972 0.017188 0.020833
0 0.404687 0.149306 0.017188 0.018056
0 0.383203 0.158333 0.016406 0.019444
0 0.361328 0.163194 0.021094 0.020833
0 0.337109 0.169444 0.021094 0.016667
0 0.585547 0.184722 0.019531 0.016667
0 0.604688 0.296528 0.021875 0.018056
0 0.687500 0.404861 0.017188 0.031944
0 0.688672 0.338194 0.016406 0.031944
0 0.760938 0.357639 0.014062 0.031944
0 0.772656 0.490278 0.026563 0.030556
0 0.821484 0.504861 0.024219 0.034722
0 0.750000 0.165972 0.017188 0.015278
0 0.666406 0.153472 0.015625 0.015278
0 0.672266 0.125000 0.016406 0.013889
0 0.748828 0.091667 0.013281 0.016667
0 0.772266 0.108333 0.016406 0.013889
0 0.842578 0.103472 0.014844 0.012500
0 0.873828 0.046528 0.016406 0.012500
0 0.873047 0.011111 0.016406 0.013889
0 0.915625 0.012500 0.017188 0.013889
0 0.949609 0.038194 0.013281 0.012500
1 0.289453 0.183333 0.032031 0.025000
1 0.313281 0.323611 0.056250 0.044444
1 0.474609 0.204167 0.021094 0.019444
1 0.787500 0.074306 0.018750 0.020833
1 0.838672 0.050000 0.017969 0.019444
2 0.398828 0.321528 0.055469 0.034722
2 0.214844 0.167361 0.050000 0.045833
0 0.035156 0.415972 0.028125 0.029167
0 0.016797 0.558333 0.028906 0.033333
