1 0.402344 0.292361 0.029687 0.051389
1 0.545313 0.179861 0.012500 0.018056
0 0.498828 0.881944 0.032031 0.038889
0 0.232812 0.361806 0.021875 0.020833
0 0.024609 0.549306 0.024219 0.037500
0 0.047266 0.926389 0.033594 0.066667
0 0.583984 0.583333 0.021094 0.027778
0 0.645312 0.384722 0.014062 0.030556
0 0.689062 0.327083 0.014062 0.026389
0 0.756250 0.268750 0.018750 0.023611
0 0.836719 0.239583 0.010937 0.018056
0 0.708984 0.171528 0.017969 0.023611
0 0.877734 0.187500 0.011719 0.016667
0 0.909766 0.163889 0.013281 0.013889
0 0.578125 0.129167 0.007812 0.013889
0 0.504297 0.181250 0.010156 0.018056
0 0.525391 0.138194 0.011719 0.012500
0 0.543750 0.122222 0.009375 0.016667
0 0.484375 0.357639 0.015625 0.023611
2 0.293359 0.544444 0.036719 0.027778
