1 0.661719 0.216667 0.020312 0.016667
1 0.424219 0.302083 0.017188 0.023611
0 0.217969 0.674306 0.025000 0.034722
0 0.102734 0.842361 0.030469 0.045833
0 0.086328 0.695139 0.028906 0.037500
0 0.467187 0.815972 0.026563 0.051389
0 0.154687 0.402083 0.010937 0.029167
0 0.330078 0.419444 0.013281 0.027778
0 0.430859 0.393056 0.016406 0.022222
0 0.453125 0.287500 0.015625 0.019444
0 0.559766 0.215972 0.016406 0.018056
0 0.577344 0.119444 0.010937 0.016667
0 0.649609 0.077778 0.008594 0.011111
0 0.693750 0.018056 0.006250 0.005556
0 0.640234 0.040278 0.010156 0.013889
0 0.673828 0.132639 0.007031 0.012500
