2 0.345703 0.635417 0.075781 0.070833
1 0.224219 0.799306 0.035937 0.062500
1 0.169141 0.444444 0.017969 0.047222
1 0.571094 0.202083 0.040625 0.026389
0 0.010156 0.938889 0.020312 0.061111
0 0.253125 0.682639 0.015625 0.040278
0 0.167969 0.524306 0.023438 0.034722
0 0.175781 0.252083 0.010937 0.026389
0 0.261328 0.288889 0.022656 0.030556
0 0.284375 0.250000 0.014062 0.025000
0 0.302734 0.195833 0.010156 0.022222
0 0.327734 0.171528 0.019531 0.018056
0 0.350781 0.177778 0.018750 0.013889
0 0.375000 0.172222 0.021875 0.016667
0 0.398438 0.168056 0.021875 0.016667
0 0.421484 0.160417 0.016406 0.015278
0 0.445703 0.154167 0.016406 0.019444
0 0.294531 0.157639 0.014062 0.020833
0 0.284375 0.134722 0.010937 0.016667
0 0.275781 0.113194 0.012500 0.020833
0 0.269141 0.091667 0.010156 0.016667
0 0.252734 0.057639 0.013281 0.020833
0 0.227344 0.042361 0.009375 0.020833
0 0.246484 0.033333 0.013281 0.019444
0 0.480469 0.143750 0.018750 0.020833
0 0.502344 0.135417 0.017188 0.015278
0 0.393359 0.340278 0.019531 0.019444
0 0.452344 0.384028 0.023438 0.018056
0 0.583203 0.531944 0.019531 0.022222
0 0.647266 0.543750 0.027344 0.029167
0 0.722266 0.410417 0.013281 0.026389
0 0.589063 0.264583 0.015625 0.015278
0 0.670313 0.233333 0.021875 0.019444
0 0.683203 0.214583 0.016406 0.015278
0 0.656641 0.187500 0.016406 0.016667
0 0.689062 0.153472 0.015625 0.018056
0 0.743750 0.131944 0.015625 0.019444
0 0.812109 0.129167 0.021094 0.016667
0 0.893359 0.083333 0.014844 0.016667
0 0.939844 0.160417 0.015625 0.015278
0 0.887500 0.317361 0.014062 0.029167
0 0.931250 0.110417 0.015625 0.018056
0 0.951953 0.110417 0.016406 0.020833
0 0.967969 0.039583 0.014062 0.015278
