0 0.248828 0.625000 0.016406 0.036111
0 0.141406 0.575694 0.025000 0.037500
0 0.047266 0.536111 0.028906 0.027778
0 0.073828 0.366667 0.025781 0.022222
0 0.381641 0.340972 0.021094 0.018056
0 0.505469 0.362500 0.020312 0.019444
0 0.482031 0.306944 0.018750 0.019444
0 0.543359 0.565972 0.022656 0.029167
0 0.691406 0.525000 0.025000 0.022222
0 0.709375 0.440972 0.018750 0.023611
0 0.938672 0.400000 0.021094 0.019444
0 0.871875 0.278472 0.012500 0.029167
0 0.732031 0.209722 0.018750 0.016667
0 0.755469 0.186806 0.015625 0.015278
0 0.651563 0.239583 0.015625 0.018056
0 0.585547 0.213889 0.017969 0.016667
0 0.631250 0.173611 0.017188 0.016667
0 0.687891 0.151389 0.017969 0.019444
0 0.751953 0.151389 0.016406 0.016667
0 0.844922 0.105556 0.016406 0.016667
0 0.974219 0.138194 0.017188 0.015278
0 0.919922 0.057639 0.016406 0.015278
0 0.955469 0.059722 0.015625 0.013889
0 0.980078 0.045139 0.013281 0.015278
0 0.988281 0.084722 0.014062 0.013889
0 0.500781 0.136111 0.015625 0.013889
0 0.477344 0.144444 0.018750 0.016667
0 0.444922 0.152083 0.016406 0.015278
0 0.420312 0.159722 0.018750 0.013889
0 0.398047 0.166667 0.017969 0.016667
0 0.373828 0.172917 0.019531 0.018056
0 0.349609 0.175000 0.016406 0.011111
0 0.327344 0.172222 0.015625 0.013889
0 0.302344 0.182639 0.007812 0.023611
0 0.291797 0.238194 0.014844 0.026389
0 0.270703 0.270833 0.016406 0.025000
0 0.178125 0.287500 0.007812 0.030556
0 0.290625 0.148611 0.010937 0.022222
0 0.280859 0.126389 0.008594 0.016667
0 0.271484 0.099306 0.010156 0.006944
0 0.265234 0.084722 0.008594 0.013889
0 0.250391 0.049306 0.011719 0.015278
0 0.231641 0.055556 0.008594 0.016667
2 0.335547 0.627778 0.071094 0.072222
1 0.244922 0.732639 0.024219 0.062500
1 0.157422 0.493750 0.022656 0.048611
1 0.502734 0.225694 0.042969 0.023611
