2 0.772656 0.268056 0.025000 0.022222
0 0.028516 0.782639 0.033594 0.043056
0 0.418750 0.389583 0.015625 0.020833
0 0.425000 0.355556 0.014062 0.016667
0 0.129688 0.395139 0.020312 0.029167
0 0.687109 0.441667 0.011719 0.022222
0 0.724219 0.281944 0.015625 0.019444
0 0.718359 0.204167 0.014844 0.016667
0 0.784375 0.188194 0.017188 0.012500
0 0.856641 0.176389 0.013281 0.011111
0 0.928516 0.134028 0.013281 0.015278
0 0.523438 0.160417 0.010937 0.015278
0 0.558594 0.168750 0.010937 0.012500
0 0.555078 0.143056 0.010156 0.013889
0 0.615625 0.061806 0.007812 0.012500
0 0.574219 0.074306 0.010937 0.015278
1 0.215625 0.829167 0.034375 0.047222
