0 0.159766 0.616667 0.025781 0.030556
0 0.408594 0.640972 0.020312 0.040278
0 0.726172 0.582639 0.014844 0.031944
0 0.862891 0.304861 0.016406 0.018056
0 0.825391 0.207639 0.016406 0.015278
0 0.520703 0.218056 0.011719 0.019444
0 0.453906 0.284028 0.012500 0.020833
0 0.589063 0.286806 0.015625 0.018056
0 0.591406 0.202083 0.009375 0.015278
0 0.608203 0.159722 0.011719 0.016667
0 0.632812 0.125000 0.007812 0.008333
0 0.560547 0.153472 0.008594 0.012500
0 0.589453 0.132639 0.010156 0.012500
0 0.605469 0.096528 0.009375 0.009722
0 0.596875 0.073611 0.009375 0.011111
2 0.663281 0.089583 0.015625 0.023611
1 0.107813 0.723611 0.034375 0.041667
1 0.069141 0.526389 0.025781 0.038889
