0 0.478125 0.930556 0.032812 0.047222
0 0.523828 0.569444 0.027344 0.030556
0 0.439844 0.549306 0.025000 0.031944
0 0.182812 0.469444 0.023438 0.019444
0 0.223047 0.341667 0.022656 0.022222
0 0.362109 0.361111 0.021094 0.033333
0 0.346484 0.403472 0.017969 0.026389
0 0.163672 0.643750 0.025781 0.037500
0 0.105469 0.688889 0.028125 0.038889
0 0.449609 0.344444 0.014844 0.019444
0 0.440234 0.317361 0.014844 0.018056
0 0.477344 0.224306 0.014062 0.018056
0 0.594531 0.221528 0.017188 0.012500
0 0.692969 0.234722 0.018750 0.019444
0 0.654688 0.220833 0.014062 0.013889
0 0.764844 0.265972 0.021875 0.020833
0 0.831641 0.236806 0.011719 0.018056
0 0.525781 0.144444 0.010937 0.016667
0 0.651172 0.044444 0.007031 0.011111
0 0.586719 0.039583 0.012500 0.015278
0 0.557813 0.175000 0.014062 0.016667
1 0.169922 0.713194 0.110156 0.165278
1 0.495703 0.182639 0.024219 0.043056
1 0.483203 0.270833 0.013281 0.025000
2 0.401953 0.668750 0.030469 0.070833
