0 0.253125 0.240278 0.015625 0.025000
0 0.255859 0.165278 0.010156 0.016667
0 0.339063 0.174306 0.018750 0.023611
0 0.363281 0.165278 0.018750 0.019444
0 0.384766 0.157639 0.019531 0.020833
0 0.407031 0.151389 0.015625 0.022222
0 0.433203 0.141667 0.017969 0.022222
0 0.454297 0.132639 0.016406 0.018056
0 0.481250 0.125694 0.018750 0.018056
0 0.549609 0.104861 0.014844 0.015278
0 0.452734 0.214583 0.016406 0.018056
0 0.371484 0.246528 0.016406 0.018056
0 0.330078 0.681944 0.027344 0.025000
0 0.396484 0.746528 0.032031 0.037500
0 0.449219 0.697222 0.029687 0.036111
0 0.028125 0.777778 0.028125 0.052778
0 0.031250 0.386806 0.026563 0.026389
0 0.049609 0.522917 0.022656 0.026389
0 0.229297 0.104167 0.011719 0.022222
0 0.220703 0.084028 0.013281 0.018056
0 0.212109 0.060417 0.010156 0.015278
0 0.203906 0.045139 0.010937 0.015278
0 0.198828 0.084028 0.007031 0.018056
0 0.198437 0.118056 0.014062 0.022222
0 0.289062 0.170833 0.020312 0.011111
0 0.505469 0.264583 0.017188 0.015278
0 0.432813 0.622222 0.028125 0.033333
0 0.595703 0.481250 0.022656 0.029167
0 0.638281 0.471528 0.023438 0.023611
0 0.753516 0.485417 0.028906 0.023611
0 0.780859 0.420833 0.014844 0.033333
0 0.692187 0.349306 0.015625 0.034722
0 0.655469 0.306944 0.020312 0.025000
0 0.700000 0.287500 0.018750 0.022222
0 0.561328 0.315972 0.017969 0.018056
0 0.625781 0.223611 0.017188 0.019444
0 0.631250 0.172222 0.018750 0.013889
0 0.723047 0.166667 0.016406 0.013889
0 0.720312 0.130556 0.015625 0.016667
0 0.787109 0.100694 0.016406 0.015278
0 0.782031 0.081944 0.015625 0.013889
0 0.842188 0.053472 0.018750 0.009722
0 0.983594 0.077778 0.015625 0.013889
0 0.913672 0.061806 0.013281 0.015278
0 0.885547 0.052778 0.016406 0.011111
1 0.335547 0.272917 0.025781 0.023611
1 0.294922 0.186111 0.032031 0.019444
1 0.027344 0.263889 0.029687 0.033333
1 0.709766 0.111111 0.019531 0.022222
1 0.612109 0.150694 0.021094 0.018056
1 0.872266 0.038194 0.019531 0.018056
1 0.912500 0.018056 0.018750 0.016667
2 0.233984 0.162500 0.027344 0.025000
