0 0.475781 0.342361 0.015625 0.018056
0 0.495703 0.341667 0.014844 0.016667
0 0.733984 0.489583 0.010156 0.023611
0 0.769141 0.191667 0.016406 0.013889
0 0.910547 0.278472 0.010156 0.012500
0 0.921484 0.244444 0.016406 0.013889
0 0.426562 0.752778 0.014062 0.050000
0 0.050781 0.893056 0.028125 0.038889
0 0.100000 0.687500 0.028125 0.036111
0 0.164453 0.336806 0.013281 0.023611
0 0.428516 0.404167 0.016406 0.016667
0 0.443750 0.314583 0.015625 0.018056
0 0.505469 0.223611 0.014062 0.013889
0 0.639844 0.222917 0.017188 0.015278
0 0.642187 0.127778 0.007812 0.013889
0 0.649219 0.100694 0.009375 0.009722
0 0.585547 0.141667 0.008594 0.011111
0 0.568750 0.146528 0.010937 0.012500
0 0.557031 0.111111 0.010937 0.011111
0 0.653906 0.029167 0.007812 0.011111
0 0.719141 0.004167 0.007031 0.008333
