0 0.210547 0.702778 0.024219 0.036111
0 0.234375 0.631250 0.010937 0.026389
0 0.170703 0.643750 0.024219 0.037500
0 0.110156 0.688194 0.021875 0.037500
0 0.225781 0.337500 0.026563 0.019444
0 0.459766 0.249306 0.016406 0.018056
0 0.475000 0.287500 0.012500 0.019444
0 0.486719 0.306250 0.012500 0.018056
0 0.690234 0.638194 0.016406 0.034722
0 0.713672 0.336111 0.013281 0.022222
0 0.803516 0.200694 0.016406 0.012500
0 0.880078 0.177778 0.013281 0.019444
0 0.599609 0.075694 0.007031 0.020833
0 0.583594 0.143750 0.010937 0.015278
0 0.645703 0.043750 0.005469 0.009722
2 0.735937 0.293056 0.023438 0.030556
