0 0.058594 0.787500 0.031250 0.038889
0 0.398047 0.725694 0.021094 0.059722
0 0.449609 0.818750 0.030469 0.051389
0 0.049219 0.279167 0.021875 0.016667
0 0.365625 0.380556 0.018750 0.030556
0 0.425781 0.274306 0.017188 0.020833
0 0.490625 0.291667 0.017188 0.016667
0 0.701953 0.514583 0.013281 0.029167
0 0.925781 0.171528 0.012500 0.015278
0 0.919531 0.153472 0.015625 0.015278
0 0.595312 0.097222 0.007812 0.013889
0 0.593750 0.047222 0.009375 0.016667
0 0.672656 0.027778 0.007812 0.011111
0 0.547656 0.142361 0.010937 0.015278
0 0.563281 0.109722 0.010937 0.016667
0 0.482812 0.215972 0.007812 0.020833
0 0.504297 0.208333 0.010156 0.016667
0 0.523047 0.170139 0.011719 0.009722
0 0.548828 0.204861 0.010156 0.012500
