2 0.367969 0.593750 0.037500 0.059722
0 0.471875 0.623611 0.029687 0.036111
0 0.621094 0.819444 0.026563 0.038889
0 0.633594 0.488889 0.017188 0.033333
0 0.722266 0.280556 0.017969 0.013889
0 0.753125 0.267361 0.020312 0.018056
0 0.826172 0.266667 0.019531 0.016667
0 0.873438 0.192361 0.014062 0.015278
0 0.922656 0.148611 0.012500 0.011111
0 0.587500 0.222222 0.017188 0.016667
0 0.574609 0.134028 0.010156 0.012500
0 0.506641 0.178472 0.011719 0.015278
0 0.515625 0.152083 0.010937 0.018056
0 0.459766 0.245139 0.011719 0.015278
0 0.448047 0.243056 0.011719 0.019444
0 0.339453 0.262500 0.016406 0.022222
0 0.239453 0.344444 0.022656 0.019444
0 0.150391 0.385417 0.024219 0.031944
0 0.023828 0.826389 0.033594 0.052778
0 0.115234 0.676389 0.027344 0.047222
0 0.463281 0.381944 0.017188 0.022222
0 0.383203 0.350000 0.016406 0.025000
0 0.626562 0.043056 0.009375 0.011111
1 0.598437 0.020139 0.012500 0.023611
1 0.107813 0.798611 0.034375 0.052778
