0 0.702344 0.645139 0.015625 0.034722
0 0.644531 0.534028 0.021875 0.034722
0 0.179297 0.904167 0.033594 0.050000
0 0.062500 0.747222 0.029687 0.047222
0 0.152734 0.667361 0.025781 0.040278
0 0.259375 0.493056 0.023438 0.027778
0 0.252734 0.344444 0.017969 0.013889
0 0.314063 0.407639 0.014062 0.029167
0 0.058594 0.295833 0.020312 0.013889
0 0.405469 0.338889 0.015625 0.022222
0 0.449609 0.298611 0.019531 0.022222
0 0.488281 0.319444 0.017188 0.016667
0 0.505078 0.195139 0.014844 0.018056
0 0.617188 0.111111 0.006250 0.011111
0 0.670313 0.081250 0.007812 0.012500
0 0.698047 0.013889 0.008594 0.011111
0 0.627734 0.031250 0.010156 0.009722
0 0.642578 0.015972 0.007031 0.009722
2 0.658594 0.052778 0.014062 0.025000
