0 0.100781 0.820139 0.029687 0.043056
0 0.216797 0.675000 0.025781 0.036111
0 0.253516 0.659028 0.022656 0.029167
0 0.362891 0.568056 0.022656 0.033333
0 0.705859 0.692361 0.016406 0.037500
0 0.080078 0.273611 0.019531 0.016667
0 0.790234 0.281944 0.016406 0.022222
0 0.871094 0.237500 0.017188 0.019444
0 0.961719 0.168056 0.015625 0.019444
0 0.553906 0.231944 0.010937 0.013889
0 0.586719 0.190278 0.010937 0.013889
0 0.576953 0.145833 0.011719 0.013889
0 0.603125 0.096528 0.010937 0.018056
0 0.525391 0.202778 0.013281 0.013889
0 0.521875 0.297222 0.012500 0.016667
0 0.539453 0.363194 0.014844 0.026389
0 0.688672 0.030556 0.007031 0.008333
0 0.724219 0.008333 0.006250 0.011111
0 0.655078 0.033333 0.005469 0.011111
0 0.634375 0.053472 0.009375 0.009722
2 0.625391 0.145833 0.017969 0.027778
