1 0.076172 0.850000 0.128906 0.194444
1 0.517578 0.150694 0.017969 0.029167
1 0.447266 0.323611 0.016406 0.022222
0 0.125781 0.690278 0.026563 0.036111
0 0.149219 0.453472 0.021875 0.020833
0 0.244922 0.333333 0.021094 0.022222
0 0.432422 0.877083 0.027344 0.051389
0 0.482031 0.562500 0.026563 0.027778
0 0.562500 0.563194 0.026563 0.034722
0 0.689453 0.534722 0.016406 0.030556
0 0.633594 0.215972 0.015625 0.015278
0 0.676562 0.225694 0.023438 0.012500
0 0.740234 0.256944 0.021094 0.019444
2 0.394531 0.643750 0.031250 0.068056
0 0.404687 0.327778 0.017188 0.022222
0 0.405469 0.410417 0.015625 0.023611
0 0.346484 0.380556 0.017969 0.030556
0 0.386719 0.410417 0.015625 0.023611
0 0.644922 0.061111 0.010156 0.013889
0 0.826953 0.252083 0.013281 0.015278
0 0.829687 0.228472 0.009375 0.018056
0 0.900781 0.190278 0.014062 0.011111
0 0.945703 0.140972 0.016406 0.015278
