2 0.302734 0.599306 0.063281 0.081944
1 0.061719 0.672917 0.035937 0.056944
1 0.240234 0.536806 0.017969 0.048611
1 0.871094 0.047222 0.025000 0.030556
0 0.059375 0.753472 0.021875 0.056944
0 0.229297 0.449306 0.014844 0.034722
0 0.190625 0.404861 0.010937 0.031944
0 0.044531 0.434028 0.021875 0.023611
0 0.471094 0.365972 0.025000 0.023611
0 0.429297 0.640278 0.024219 0.030556
0 0.625000 0.518750 0.021875 0.031944
0 0.844141 0.538889 0.030469 0.036111
0 0.781641 0.405556 0.022656 0.027778
0 0.895703 0.185417 0.013281 0.018056
0 0.896484 0.138889 0.016406 0.016667
0 0.895312 0.078472 0.017188 0.018056
0 0.947266 0.102778 0.013281 0.013889
0 0.960156 0.052083 0.014062 0.015278
0 0.980078 0.032639 0.013281 0.015278
0 0.866797 0.100694 0.017969 0.015278
0 0.823047 0.167361 0.014844 0.015278
0 0.836328 0.090972 0.016406 0.018056
0 0.788672 0.125000 0.013281 0.019444
0 0.680469 0.165278 0.020312 0.019444
0 0.712500 0.217361 0.018750 0.018056
0 0.624219 0.310417 0.020312 0.018056
0 0.641016 0.241667 0.016406 0.019444
0 0.554688 0.222222 0.020312 0.019444
0 0.527734 0.218750 0.017969 0.018056
0 0.510156 0.211806 0.018750 0.015278
0 0.444531 0.234028 0.020312 0.018056
0 0.494141 0.136111 0.016406 0.013889
0 0.471484 0.140278 0.017969 0.013889
0 0.443359 0.150694 0.017969 0.015278
0 0.760547 0.121528 0.017969 0.020833
0 0.398438 0.163194 0.020312 0.020833
0 0.421484 0.159028 0.016406 0.018056
0 0.373047 0.168750 0.019531 0.020833
0 0.348437 0.173611 0.015625 0.013889
0 0.326562 0.167361 0.018750 0.015278
0 0.295312 0.225694 0.015625 0.026389
0 0.344141 0.291667 0.019531 0.022222
0 0.300781 0.186806 0.010937 0.023611
0 0.291406 0.145139 0.010937 0.018056
0 0.280469 0.127083 0.012500 0.020833
0 0.273047 0.106250 0.010156 0.018056
0 0.266016 0.086111 0.011719 0.025000
0 0.257812 0.065278 0.007812 0.019444
0 0.245312 0.029861 0.010937 0.009722
0 0.236719 0.009722 0.010937 0.016667
