2 0.869141 0.210417 0.041406 0.023611
0 0.104297 0.786806 0.030469 0.040278
0 0.035937 0.788889 0.029687 0.044444
0 0.247266 0.469444 0.019531 0.033333
0 0.468750 0.359028 0.014062 0.018056
0 0.465234 0.278472 0.013281 0.018056
0 0.412891 0.335417 0.016406 0.020833
0 0.533203 0.224306 0.011719 0.015278
0 0.541406 0.186806 0.014062 0.020833
0 0.606250 0.175000 0.012500 0.013889
0 0.605469 0.105556 0.007812 0.013889
0 0.654297 0.046528 0.008594 0.012500
0 0.636719 0.143750 0.010937 0.012500
0 0.755469 0.334028 0.014062 0.018056
0 0.778516 0.215278 0.013281 0.008333
0 0.798047 0.275694 0.014844 0.020833
0 0.719141 0.296528 0.011719 0.023611
