1 0.172266 0.350000 0.024219 0.027778
1 0.126172 0.653472 0.036719 0.043056
1 0.799219 0.274306 0.023438 0.026389
1 0.437891 0.333333 0.017969 0.019444
1 0.529688 0.200000 0.015625 0.019444
2 0.580859 0.215278 0.027344 0.030556
0 0.288281 0.515278 0.023438 0.027778
0 0.226953 0.301389 0.019531 0.022222
0 0.042578 0.249306 0.016406 0.012500
0 0.019141 0.254167 0.017969 0.019444
0 0.671875 0.812500 0.028125 0.044444
0 0.721875 0.246528 0.015625 0.020833
0 0.525000 0.279861 0.010937 0.009722
0 0.479688 0.331250 0.014062 0.018056
0 0.466406 0.434722 0.015625 0.022222
0 0.424609 0.431250 0.017969 0.026389
0 0.482812 0.246528 0.014062 0.020833
0 0.577344 0.127083 0.009375 0.015278
0 0.605859 0.156944 0.010156 0.013889
0 0.632422 0.116667 0.007031 0.011111
0 0.617188 0.087500 0.007812 0.011111
0 0.661719 0.070833 0.009375 0.013889
0 0.706641 0.043750 0.007031 0.012500
