0 0.210938 0.053472 0.014062 0.018056
0 0.220313 0.070833 0.010937 0.016667
0 0.227734 0.091667 0.011719 0.019444
0 0.238281 0.115278 0.012500 0.025000
0 0.200781 0.088194 0.010937 0.023611
0 0.191797 0.052083 0.010156 0.015278
0 0.055469 0.252778 0.023438 0.025000
0 0.217578 0.321528 0.013281 0.023611
0 0.264453 0.200694 0.011719 0.018056
0 0.292969 0.172917 0.018750 0.018056
0 0.339844 0.172222 0.021875 0.019444
0 0.365625 0.165972 0.018750 0.018056
0 0.387500 0.158333 0.018750 0.019444
0 0.408984 0.149306 0.016406 0.018056
0 0.434375 0.140278 0.018750 0.013889
0 0.456250 0.132639 0.017188 0.012500
0 0.483984 0.125694 0.017969 0.015278
0 0.612891 0.090278 0.017969 0.019444
0 0.302734 0.271528 0.024219 0.023611
0 0.340625 0.330556 0.020312 0.013889
0 0.368750 0.273611 0.018750 0.016667
0 0.397656 0.265278 0.023438 0.008333
0 0.075781 0.647222 0.026563 0.044444
0 0.014844 0.740278 0.023438 0.041667
0 0.283984 0.845139 0.039844 0.037500
0 0.348437 0.782639 0.032812 0.029167
0 0.414844 0.663194 0.029687 0.029167
0 0.530469 0.550694 0.029687 0.023611
0 0.498828 0.345833 0.021094 0.016667
0 0.482422 0.286806 0.021094 0.012500
0 0.529297 0.182639 0.025781 0.020833
0 0.594531 0.160417 0.021875 0.015278
0 0.619531 0.297917 0.020312 0.018056
0 0.620313 0.263194 0.018750 0.018056
0 0.663672 0.306250 0.019531 0.023611
0 0.651953 0.445139 0.024219 0.020833
0 0.698438 0.489583 0.026563 0.015278
0 0.731250 0.415278 0.023438 0.025000
0 0.757422 0.365972 0.017969 0.034722
0 0.719141 0.172222 0.014844 0.016667
0 0.583203 0.227083 0.019531 0.018056
0 0.696875 0.163889 0.014062 0.013889
0 0.755469 0.118750 0.018750 0.015278
0 0.785156 0.124306 0.017188 0.015278
0 0.908984 0.125694 0.014844 0.015278
0 0.927344 0.080556 0.015625 0.013889
0 0.892578 0.053472 0.014844 0.015278
0 0.833984 0.080556 0.013281 0.016667
0 0.982422 0.009722 0.016406 0.013889
1 0.108594 0.209722 0.028125 0.030556
1 0.307031 0.185417 0.035937 0.026389
1 0.501953 0.214583 0.025781 0.020833
1 0.578906 0.306250 0.025000 0.023611
1 0.731641 0.103472 0.019531 0.018056
1 0.812500 0.067361 0.020312 0.020833
1 0.874609 0.040278 0.017969 0.013889
1 0.917578 0.018056 0.014844 0.016667
1 0.947656 0.006944 0.018750 0.011111
2 0.243750 0.201389 0.018750 0.061111
2 0.038281 0.463194 0.071875 0.054167
