0 0.183984 0.609722 0.033594 0.025000
0 0.059766 0.865278 0.027344 0.047222
0 0.346875 0.821528 0.034375 0.040278
0 0.245703 0.636806 0.030469 0.040278
0 0.500781 0.697917 0.028125 0.034722
0 0.920703 0.617361 0.027344 0.040278
0 0.980469 0.620139 0.026563 0.020833
0 0.956641 0.152083 0.017969 0.020833
0 0.254297 0.300694 0.017969 0.031944
0 0.257031 0.260417 0.017188 0.023611
0 0.216016 0.163889 0.019531 0.016667
0 0.223047 0.145833 0.011719 0.005556
0 0.169922 0.188889 0.017969 0.022222
0 0.137891 0.236806 0.019531 0.023611
0 0.022656 0.395139 0.026563 0.020833
0 0.380078 0.332639 0.021094 0.020833
0 0.383203 0.290972 0.022656 0.018056
0 0.531250 0.358333 0.025000 0.022222
0 0.672656 0.325000 0.023438 0.025000
0 0.755469 0.191667 0.015625 0.019444
0 0.668750 0.224306 0.017188 0.020833
0 0.669922 0.172222 0.016406 0.016667
0 0.296484 0.223611 0.011719 0.027778
0 0.286719 0.243750 0.017188 0.023611
0 0.273047 0.220833 0.016406 0.027778
0 0.295703 0.184722 0.013281 0.016667
0 0.324609 0.181944 0.024219 0.019444
0 0.355469 0.182639 0.021875 0.015278
0 0.379297 0.180556 0.019531 0.016667
0 0.405859 0.170833 0.021094 0.019444
0 0.433203 0.162500 0.019531 0.019444
0 0.453906 0.154861 0.017188 0.015278
0 0.769141 0.082639 0.022656 0.018056
0 0.768750 0.124306 0.018750 0.018056
0 0.844141 0.118056 0.016406 0.016667
0 0.859375 0.088194 0.015625 0.015278
0 0.600781 0.249306 0.020312 0.018056
0 0.592578 0.215278 0.019531 0.019444
0 0.533594 0.223611 0.018750 0.019444
0 0.272266 0.122917 0.014844 0.020833
0 0.261719 0.095139 0.010937 0.018056
0 0.245312 0.061111 0.007812 0.013889
1 0.374219 0.270139 0.025000 0.015278
1 0.426953 0.265972 0.025781 0.020833
1 0.234375 0.295833 0.020312 0.033333
