0 0.044531 0.268056 0.023438 0.027778
0 0.058984 0.418056 0.028906 0.025000
0 0.087500 0.431250 0.025000 0.023611
0 0.102344 0.640972 0.028125 0.048611
0 0.366016 0.686806 0.030469 0.029167
0 0.420312 0.647222 0.026563 0.033333
0 0.498437 0.611111 0.021875 0.027778
0 0.748828 0.513194 0.028906 0.029167
0 0.980078 0.617361 0.032031 0.031944
0 0.823438 0.171528 0.023438 0.018056
0 0.851562 0.150694 0.017188 0.018056
0 0.864844 0.106944 0.018750 0.019444
0 0.914453 0.105556 0.016406 0.011111
0 0.942187 0.063889 0.017188 0.025000
0 0.974609 0.093056 0.014844 0.013889
0 0.784766 0.141667 0.016406 0.019444
0 0.664453 0.188194 0.017969 0.015278
0 0.703125 0.093056 0.012500 0.013889
0 0.636719 0.107639 0.017188 0.015278
0 0.576563 0.190972 0.017188 0.020833
0 0.488281 0.143750 0.017188 0.020833
0 0.451172 0.153472 0.017969 0.018056
0 0.426172 0.159722 0.019531 0.016667
0 0.445312 0.263194 0.020312 0.023611
0 0.466016 0.298611 0.019531 0.019444
0 0.437500 0.323611 0.021875 0.022222
0 0.337500 0.360417 0.021875 0.023611
0 0.239844 0.031944 0.009375 0.013889
0 0.250000 0.051389 0.010937 0.016667
0 0.233203 0.061111 0.011719 0.019444
0 0.215234 0.130556 0.017969 0.013889
0 0.169141 0.170139 0.017969 0.023611
0 0.145703 0.194444 0.022656 0.022222
0 0.215234 0.157639 0.025781 0.020833
0 0.264844 0.173611 0.021875 0.016667
0 0.293750 0.156944 0.014062 0.019444
0 0.301953 0.191667 0.008594 0.019444
0 0.291016 0.233333 0.017969 0.027778
0 0.391016 0.177083 0.022656 0.020833
1 0.100391 0.236111 0.030469 0.027778
1 0.406250 0.263194 0.021875 0.018056
1 0.430859 0.243056 0.024219 0.019444
2 0.762500 0.423611 0.057813 0.044444
