2 0.701563 0.515278 0.015625 0.044444
0 0.371484 0.618750 0.022656 0.037500
0 0.406641 0.662500 0.021094 0.047222
0 0.209375 0.664583 0.029687 0.040278
0 0.046875 0.279861 0.018750 0.020833
0 0.404297 0.316667 0.016406 0.019444
0 0.443359 0.252083 0.013281 0.018056
0 0.371484 0.244444 0.016406 0.016667
0 0.493750 0.288194 0.015625 0.015278
0 0.490234 0.187500 0.011719 0.019444
0 0.691406 0.615278 0.015625 0.033333
0 0.891797 0.196528 0.013281 0.012500
0 0.916016 0.182639 0.011719 0.009722
0 0.569531 0.095833 0.007812 0.016667
0 0.540625 0.136111 0.012500 0.013889
0 0.551953 0.163889 0.011719 0.013889
0 0.555078 0.134028 0.010156 0.015278
0 0.599609 0.050000 0.010156 0.013889
0 0.664062 0.038889 0.004688 0.008333
0 0.658984 0.053472 0.007031 0.009722
