2 0.909375 0.204861 0.032812 0.031944
0 0.104687 0.681250 0.029687 0.037500
0 0.191406 0.418056 0.018750 0.027778
0 0.738672 0.379861 0.011719 0.023611
0 0.734375 0.245139 0.018750 0.020833
0 0.695312 0.263194 0.017188 0.023611
0 0.553125 0.245139 0.012500 0.015278
0 0.490234 0.262500 0.013281 0.013889
0 0.392969 0.375694 0.017188 0.020833
0 0.492188 0.172222 0.014062 0.011111
0 0.583594 0.135417 0.007812 0.009722
0 0.617969 0.097917 0.009375 0.012500
0 0.653516 0.047222 0.008594 0.008333
0 0.691797 0.034722 0.007031 0.005556
0 0.540625 0.953472 0.035937 0.048611
