2 0.389844 0.631250 0.032812 0.068056
1 0.539844 0.115972 0.020312 0.031944
0 0.161719 0.768056 0.029687 0.047222
0 0.407031 0.816667 0.021875 0.047222
0 0.522266 0.566667 0.028906 0.025000
0 0.594531 0.546528 0.025000 0.029167
0 0.682031 0.584028 0.015625 0.026389
0 0.715234 0.245139 0.021094 0.015278
0 0.657422 0.220833 0.016406 0.011111
0 0.613672 0.218056 0.014844 0.016667
0 0.811328 0.260417 0.017969 0.015278
0 0.883203 0.205556 0.013281 0.013889
0 0.932031 0.147917 0.015625 0.012500
0 0.494141 0.249306 0.013281 0.015278
0 0.487500 0.211111 0.014062 0.016667
0 0.262891 0.325694 0.021094 0.020833
0 0.130078 0.432639 0.010156 0.031944
0 0.037500 0.312500 0.017188 0.016667
0 0.392578 0.321528 0.014844 0.020833
0 0.450391 0.265278 0.011719 0.022222
0 0.562500 0.086111 0.009375 0.013889
0 0.587109 0.059722 0.010156 0.013889
0 0.638281 0.024306 0.006250 0.009722
1 0.404687 0.384722 0.017188 0.027778
