2 0.226172 0.022917 0.019531 0.029167
1 0.229687 0.521528 0.018750 0.040278
1 0.296484 0.680556 0.036719 0.038889
1 0.899219 0.112500 0.020312 0.022222
0 0.046875 0.830556 0.020312 0.055556
0 0.112109 0.637500 0.028906 0.047222
0 0.237891 0.618750 0.016406 0.040278
0 0.180859 0.468750 0.013281 0.037500
0 0.057422 0.447917 0.024219 0.020833
0 0.214844 0.374306 0.012500 0.026389
0 0.237500 0.431944 0.017188 0.036111
0 0.369531 0.707639 0.031250 0.029167
0 0.423438 0.695139 0.031250 0.029167
0 0.257812 0.269444 0.014062 0.025000
0 0.269141 0.225000 0.011719 0.022222
0 0.292578 0.186111 0.010156 0.019444
0 0.319531 0.181944 0.020312 0.016667
0 0.282813 0.245139 0.017188 0.023611
0 0.270312 0.128472 0.014062 0.020833
0 0.247266 0.081944 0.008594 0.013889
0 0.221875 0.068056 0.009375 0.016667
0 0.353125 0.184028 0.018750 0.018056
0 0.376563 0.181250 0.017188 0.015278
0 0.414062 0.167361 0.020312 0.018056
0 0.448047 0.156944 0.019531 0.019444
0 0.478516 0.147917 0.019531 0.018056
0 0.477344 0.297917 0.017188 0.018056
0 0.373828 0.292361 0.022656 0.020833
0 0.633984 0.236806 0.021094 0.018056
0 0.624219 0.179167 0.018750 0.019444
0 0.696875 0.306250 0.021875 0.018056
0 0.789453 0.372222 0.016406 0.025000
0 0.728125 0.302778 0.018750 0.022222
0 0.744922 0.156250 0.017969 0.018056
0 0.773438 0.132639 0.020312 0.018056
0 0.872656 0.050000 0.015625 0.016667
0 0.878125 0.201389 0.010937 0.016667
0 0.876953 0.300694 0.013281 0.029167
0 0.953906 0.150000 0.015625 0.016667
0 0.985156 0.038194 0.018750 0.018056
0 0.952734 0.042361 0.017969 0.018056
0 0.099609 0.224306 0.022656 0.023611
