0 0.404687 0.652778 0.032812 0.036111
0 0.341406 0.637500 0.025000 0.036111
0 0.294922 0.660417 0.028906 0.034722
0 0.052344 0.779167 0.021875 0.055556
0 0.078906 0.363194 0.025000 0.029167
0 0.057422 0.244444 0.024219 0.025000
0 0.111328 0.212500 0.021094 0.025000
0 0.164062 0.186111 0.021875 0.022222
0 0.185547 0.154861 0.019531 0.023611
0 0.225391 0.165972 0.021094 0.018056
0 0.237500 0.023611 0.010937 0.013889
0 0.245703 0.045139 0.010156 0.018056
0 0.256641 0.068056 0.008594 0.013889
0 0.237891 0.083333 0.008594 0.025000
0 0.296484 0.223611 0.013281 0.025000
0 0.291797 0.154861 0.011719 0.018056
0 0.326562 0.172222 0.021875 0.016667
0 0.349609 0.176389 0.016406 0.013889
0 0.379687 0.171528 0.021875 0.020833
0 0.306250 0.337500 0.025000 0.025000
0 0.402344 0.336806 0.021875 0.020833
0 0.410547 0.249306 0.021094 0.018056
0 0.415234 0.163194 0.021094 0.018056
0 0.440625 0.157639 0.018750 0.018056
0 0.473047 0.143056 0.017969 0.019444
0 0.562500 0.121528 0.020312 0.018056
0 0.506641 0.243056 0.019531 0.019444
0 0.482031 0.322917 0.021875 0.018056
0 0.491406 0.368750 0.018750 0.018056
0 0.840625 0.536111 0.025000 0.027778
0 0.618359 0.243750 0.017969 0.015278
0 0.649609 0.190972 0.019531 0.015278
0 0.843359 0.108333 0.025781 0.016667
0 0.945312 0.118750 0.017188 0.015278
0 0.957031 0.093056 0.015625 0.030556
0 0.926172 0.070139 0.016406 0.015278
1 0.015625 0.281250 0.026563 0.026389
1 0.314844 0.184722 0.026563 0.013889
1 0.748438 0.152778 0.021875 0.019444
1 0.956250 0.056250 0.017188 0.020833
1 0.986719 0.054167 0.017188 0.016667
2 0.692578 0.456250 0.058594 0.056944
