0 0.055078 0.853472 0.027344 0.045833
0 0.269141 0.637500 0.025781 0.027778
0 0.307813 0.618056 0.032812 0.038889
0 0.460938 0.703472 0.035937 0.037500
0 0.395312 0.397917 0.026563 0.023611
0 0.335547 0.417361 0.024219 0.020833
0 0.178906 0.415972 0.015625 0.031944
0 0.229687 0.377778 0.012500 0.027778
0 0.247266 0.158333 0.019531 0.019444
0 0.275391 0.146528 0.011719 0.020833
0 0.266406 0.118750 0.012500 0.020833
0 0.257031 0.097222 0.007812 0.016667
0 0.248437 0.082639 0.009375 0.015278
0 0.241406 0.061806 0.010937 0.018056
0 0.232812 0.040278 0.010937 0.019444
0 0.226172 0.017361 0.010156 0.015278
0 0.313672 0.172222 0.021094 0.016667
0 0.337109 0.179861 0.017969 0.009722
0 0.362109 0.169444 0.019531 0.016667
0 0.387500 0.163889 0.018750 0.016667
0 0.407813 0.159028 0.017188 0.018056
0 0.430469 0.150000 0.015625 0.016667
0 0.427344 0.240972 0.018750 0.009722
0 0.386719 0.271528 0.018750 0.020833
0 0.449609 0.372917 0.025781 0.023611
0 0.369531 0.252778 0.017188 0.016667
0 0.553125 0.203472 0.017188 0.018056
0 0.477734 0.136806 0.016406 0.015278
0 0.592969 0.109722 0.020312 0.016667
0 0.614062 0.240972 0.018750 0.018056
0 0.601953 0.172222 0.019531 0.022222
0 0.662109 0.472222 0.019531 0.030556
0 0.716016 0.372917 0.017969 0.040278
0 0.804297 0.404167 0.024219 0.025000
0 0.976172 0.441667 0.021094 0.022222
0 0.900391 0.332639 0.027344 0.015278
0 0.871875 0.183333 0.014062 0.016667
0 0.757422 0.172222 0.014844 0.016667
0 0.678906 0.155556 0.021875 0.013889
0 0.723047 0.150000 0.019531 0.016667
0 0.741406 0.120139 0.023438 0.020833
0 0.803516 0.106250 0.019531 0.018056
0 0.827344 0.107639 0.017188 0.015278
0 0.895312 0.054861 0.015625 0.015278
0 0.910547 0.034722 0.024219 0.008333
0 0.949219 0.031250 0.015625 0.012500
0 0.911719 0.056250 0.017188 0.018056
1 0.453125 0.161111 0.029687 0.030556
1 0.267969 0.188194 0.009375 0.023611
2 0.238281 0.290972 0.029687 0.068056
