0 0.050000 0.809722 0.020312 0.047222
0 0.279297 0.868056 0.039844 0.041667
0 0.437891 0.751389 0.025781 0.036111
0 0.277734 0.664583 0.030469 0.031944
0 0.214844 0.617361 0.029687 0.029167
0 0.242188 0.284028 0.017188 0.029167
0 0.253516 0.302083 0.017969 0.026389
0 0.286328 0.244444 0.016406 0.025000
0 0.296484 0.216667 0.016406 0.022222
0 0.238672 0.159722 0.017969 0.016667
0 0.224609 0.134722 0.013281 0.022222
0 0.185937 0.179167 0.018750 0.022222
0 0.140625 0.210417 0.021875 0.023611
0 0.881641 0.580556 0.028906 0.050000
0 0.934375 0.604861 0.029687 0.037500
0 0.916016 0.175000 0.016406 0.016667
0 0.967578 0.094444 0.013281 0.011111
0 0.900391 0.091667 0.017969 0.016667
0 0.908984 0.066667 0.014844 0.016667
0 0.819922 0.066667 0.022656 0.016667
0 0.822656 0.100694 0.018750 0.018056
0 0.741406 0.146528 0.017188 0.018056
0 0.695703 0.214583 0.017969 0.018056
0 0.646875 0.317361 0.021875 0.018056
0 0.470313 0.384028 0.021875 0.023611
0 0.528906 0.276389 0.020312 0.022222
0 0.460547 0.265278 0.019531 0.019444
0 0.294531 0.361111 0.023438 0.022222
0 0.100391 0.384722 0.021094 0.019444
0 0.272656 0.125694 0.012500 0.026389
0 0.262109 0.097917 0.007031 0.015278
0 0.253125 0.080556 0.007812 0.013889
0 0.355078 0.181944 0.017969 0.016667
0 0.378516 0.179167 0.016406 0.016667
0 0.433594 0.163194 0.017188 0.020833
0 0.454688 0.153472 0.018750 0.020833
0 0.500391 0.154167 0.019531 0.016667
0 0.662891 0.188194 0.016406 0.018056
0 0.632812 0.172917 0.018750 0.020833
1 0.457422 0.237500 0.027344 0.025000
1 0.503906 0.233333 0.021875 0.019444
1 0.606250 0.250000 0.020312 0.019444
1 0.711719 0.169444 0.023438 0.022222
1 0.223438 0.322222 0.015625 0.033333
1 0.071094 0.440278 0.028125 0.025000
0 0.608984 0.195139 0.019531 0.023611
