1 0.216406 0.386111 0.012500 0.038889
1 0.233203 0.545833 0.019531 0.047222
1 0.832031 0.106944 0.021875 0.022222
1 0.798437 0.109722 0.018750 0.019444
0 0.046875 0.823611 0.020312 0.052778
0 0.135547 0.926389 0.038281 0.030556
0 0.153516 0.559722 0.022656 0.033333
0 0.068359 0.443750 0.027344 0.020833
0 0.057813 0.398611 0.025000 0.027778
0 0.216016 0.434028 0.013281 0.040278
0 0.258203 0.255556 0.014844 0.025000
0 0.244922 0.165278 0.016406 0.016667
0 0.226172 0.127778 0.011719 0.022222
0 0.239844 0.054861 0.009375 0.012500
0 0.255859 0.094444 0.010156 0.016667
0 0.274609 0.206250 0.008594 0.018056
0 0.283594 0.245139 0.014062 0.023611
0 0.322266 0.180556 0.019531 0.019444
0 0.353516 0.181250 0.019531 0.015278
0 0.334375 0.359722 0.021875 0.019444
0 0.407813 0.413194 0.025000 0.023611
0 0.322656 0.693750 0.032812 0.037500
0 0.375391 0.702083 0.030469 0.023611
0 0.414453 0.255556 0.021094 0.019444
0 0.376953 0.181250 0.016406 0.018056
0 0.404297 0.170833 0.021094 0.019444
0 0.434766 0.160417 0.019531 0.018056
0 0.466016 0.152083 0.019531 0.018056
0 0.541797 0.233333 0.017969 0.019444
0 0.571094 0.209722 0.020312 0.019444
0 0.688281 0.222222 0.014062 0.013889
0 0.725000 0.094444 0.015625 0.011111
0 0.827344 0.156944 0.017188 0.016667
0 0.960547 0.409722 0.024219 0.038889
0 0.840625 0.486806 0.015625 0.031944
0 0.802344 0.393056 0.012500 0.025000
0 0.774219 0.363194 0.020312 0.031944
0 0.873438 0.217361 0.012500 0.018056
0 0.955469 0.150694 0.015625 0.012500
0 0.924219 0.066667 0.018750 0.013889
0 0.957031 0.043750 0.015625 0.015278
0 0.974219 0.089583 0.014062 0.018056
