0 0.152734 0.631250 0.024219 0.037500
0 0.357812 0.353472 0.017188 0.023611
0 0.154687 0.368750 0.023438 0.026389
0 0.690234 0.497917 0.013281 0.029167
0 0.712109 0.300000 0.013281 0.016667
0 0.738672 0.193750 0.016406 0.015278
0 0.536328 0.209722 0.011719 0.019444
0 0.548828 0.127778 0.010156 0.016667
0 0.603906 0.084028 0.009375 0.012500
0 0.592578 0.048611 0.011719 0.013889
0 0.818750 0.189583 0.018750 0.012500
0 0.869531 0.168056 0.012500 0.013889
0 0.946484 0.128472 0.016406 0.015278
2 0.751953 0.271528 0.027344 0.026389
