2 0.603906 0.177778 0.020312 0.030556
1 0.151172 0.382639 0.021094 0.031944
1 0.026563 0.765278 0.046875 0.061111
1 0.828906 0.286111 0.026563 0.022222
1 0.495313 0.246528 0.017188 0.023611
0 0.150000 0.795139 0.026563 0.034722
0 0.107813 0.813194 0.032812 0.045833
0 0.329297 0.548611 0.024219 0.044444
0 0.691016 0.754167 0.019531 0.036111
0 0.508594 0.368750 0.015625 0.020833
0 0.478125 0.358333 0.015625 0.019444
0 0.444922 0.290972 0.014844 0.018056
0 0.186719 0.288194 0.023438 0.018056
0 0.048047 0.261111 0.016406 0.016667
0 0.023438 0.240972 0.015625 0.012500
0 0.756250 0.263194 0.017188 0.020833
0 0.654688 0.100694 0.006250 0.012500
0 0.675391 0.050000 0.005469 0.008333
0 0.715625 0.025694 0.006250 0.009722
0 0.620313 0.072222 0.007812 0.011111
0 0.645703 0.048611 0.005469 0.008333
