2 0.224609 0.016667 0.016406 0.030556
1 0.245703 0.602083 0.025781 0.048611
1 0.218750 0.425000 0.014062 0.038889
0 0.054297 0.758333 0.028906 0.055556
0 0.091797 0.913889 0.036719 0.044444
0 0.166016 0.533333 0.021094 0.036111
0 0.222656 0.492361 0.014062 0.037500
0 0.236719 0.353472 0.015625 0.020833
0 0.241406 0.287500 0.018750 0.027778
0 0.272266 0.228472 0.014844 0.018056
0 0.282422 0.244444 0.014844 0.025000
0 0.292578 0.217361 0.013281 0.020833
0 0.264062 0.181944 0.017188 0.016667
0 0.229687 0.110417 0.009375 0.020833
0 0.249609 0.080556 0.011719 0.016667
0 0.352734 0.182639 0.019531 0.018056
0 0.376172 0.180556 0.016406 0.019444
0 0.405469 0.170833 0.021875 0.022222
0 0.438281 0.159722 0.020312 0.016667
0 0.469531 0.150694 0.018750 0.018056
0 0.487891 0.228472 0.019531 0.015278
0 0.624219 0.240972 0.015625 0.018056
0 0.335547 0.702083 0.032031 0.031944
0 0.396094 0.703472 0.029687 0.026389
0 0.613281 0.206250 0.018750 0.018056
0 0.775391 0.081944 0.016406 0.016667
0 0.766406 0.188194 0.018750 0.012500
0 0.782422 0.354861 0.017969 0.029167
0 0.822656 0.445833 0.015625 0.033333
0 0.866797 0.244444 0.011719 0.022222
0 0.927344 0.166667 0.017188 0.016667
0 0.918750 0.115972 0.017188 0.018056
0 0.973437 0.042361 0.017188 0.015278
0 0.844531 0.113194 0.017188 0.015278
0 0.279687 0.150000 0.009375 0.013889
0 0.271484 0.129861 0.011719 0.023611
0 0.293750 0.186806 0.007812 0.015278
1 0.884766 0.084028 0.021094 0.018056
1 0.854297 0.085417 0.021094 0.018056
