0 0.511328 0.607639 0.032031 0.023611
0 0.587500 0.858333 0.029687 0.038889
0 0.640625 0.454861 0.015625 0.029167
0 0.647266 0.368056 0.011719 0.022222
0 0.708984 0.290972 0.014844 0.018056
0 0.732031 0.275000 0.020312 0.019444
0 0.808984 0.273611 0.019531 0.013889
0 0.859766 0.208333 0.014844 0.013889
0 0.908203 0.160417 0.013281 0.009722
0 0.431641 0.281944 0.014844 0.022222
0 0.430078 0.435417 0.017969 0.020833
0 0.041406 0.767361 0.032812 0.040278
0 0.121094 0.666667 0.028125 0.044444
0 0.478125 0.202083 0.012500 0.015278
0 0.493750 0.197917 0.012500 0.015278
0 0.551562 0.172222 0.009375 0.013889
0 0.532031 0.140278 0.010937 0.011111
0 0.535547 0.119444 0.011719 0.013889
0 0.581250 0.063194 0.007812 0.012500
0 0.612109 0.067361 0.008594 0.009722
0 0.178906 0.363889 0.023438 0.027778
0 0.268359 0.334028 0.021094 0.018056
0 0.359375 0.239583 0.014062 0.020833
0 0.346094 0.397917 0.018750 0.020833
