0 0.167578 0.518750 0.017969 0.037500
0 0.127344 0.881944 0.035937 0.030556
0 0.323047 0.620139 0.039844 0.051389
0 0.503516 0.620833 0.017969 0.022222
0 0.613672 0.501389 0.022656 0.027778
0 0.697266 0.333333 0.019531 0.027778
0 0.615234 0.314583 0.024219 0.018056
0 0.510547 0.344444 0.021094 0.016667
0 0.419141 0.293056 0.021094 0.025000
0 0.332422 0.337500 0.017969 0.019444
0 0.231250 0.306944 0.014062 0.025000
0 0.053906 0.385417 0.023438 0.020833
0 0.298438 0.184028 0.012500 0.026389
0 0.487500 0.136111 0.015625 0.016667
0 0.467578 0.141667 0.019531 0.019444
0 0.443750 0.149306 0.017188 0.015278
0 0.420312 0.159722 0.018750 0.016667
0 0.398438 0.163889 0.018750 0.022222
0 0.372266 0.168750 0.019531 0.023611
0 0.347656 0.171528 0.015625 0.015278
0 0.326172 0.167361 0.019531 0.015278
0 0.290625 0.150694 0.010937 0.018056
0 0.282422 0.126389 0.011719 0.022222
0 0.275781 0.109722 0.012500 0.022222
0 0.267188 0.090278 0.012500 0.019444
0 0.258984 0.067361 0.011719 0.015278
0 0.251172 0.047917 0.010156 0.015278
0 0.186328 0.179167 0.013281 0.025000
0 0.477344 0.232639 0.023438 0.020833
0 0.576172 0.193750 0.017969 0.004167
0 0.603516 0.193056 0.019531 0.013889
0 0.665625 0.153472 0.018750 0.015278
0 0.682813 0.172917 0.017188 0.015278
0 0.955859 0.402778 0.024219 0.030556
0 0.990625 0.608333 0.018750 0.016667
0 0.840234 0.159028 0.014844 0.018056
0 0.890234 0.140278 0.017969 0.013889
0 0.971094 0.100000 0.015625 0.013889
0 0.984766 0.129861 0.014844 0.015278
0 0.938281 0.060417 0.012500 0.012500
0 0.851172 0.095833 0.017969 0.016667
0 0.807031 0.111111 0.012500 0.008333
0 0.816797 0.097222 0.017969 0.013889
0 0.732813 0.143750 0.015625 0.018056
0 0.858203 0.054167 0.017969 0.016667
1 0.221484 0.381250 0.013281 0.040278
1 0.711719 0.087500 0.026563 0.030556
2 0.260938 0.508333 0.042188 0.086111
