0 0.178516 0.300694 0.013281 0.034722
0 0.101953 0.627778 0.030469 0.038889
0 0.245312 0.459722 0.015625 0.025000
0 0.242578 0.397222 0.014844 0.036111
0 0.371094 0.786111 0.032812 0.038889
0 0.312500 0.363889 0.023438 0.025000
0 0.441797 0.263194 0.021094 0.018056
0 0.456250 0.240972 0.023438 0.023611
0 0.580078 0.247917 0.021094 0.018056
0 0.575391 0.204861 0.021094 0.018056
0 0.680859 0.166667 0.016406 0.016667
0 0.694922 0.175000 0.014844 0.019444
0 0.723437 0.376389 0.014062 0.033333
0 0.631641 0.314583 0.017969 0.018056
0 0.665625 0.235417 0.017188 0.018056
0 0.883594 0.306250 0.015625 0.034722
0 0.781250 0.193056 0.014062 0.016667
0 0.836719 0.167361 0.017188 0.015278
0 0.850391 0.131944 0.016406 0.016667
0 0.883203 0.099306 0.016406 0.012500
0 0.938672 0.050000 0.013281 0.011111
0 0.981250 0.033333 0.014062 0.013889
0 0.943750 0.073611 0.015625 0.016667
0 0.971484 0.092361 0.016406 0.015278
0 0.284375 0.136806 0.012500 0.018056
0 0.219531 0.140278 0.014062 0.019444
0 0.276172 0.114583 0.011719 0.015278
0 0.264844 0.086111 0.015625 0.027778
0 0.255859 0.059028 0.011719 0.015278
0 0.248437 0.039583 0.010937 0.015278
0 0.239453 0.019444 0.007031 0.013889
0 0.231641 0.006944 0.008594 0.013889
0 0.299219 0.208333 0.014062 0.022222
0 0.325781 0.172222 0.018750 0.016667
0 0.350391 0.175694 0.017969 0.015278
0 0.373437 0.171528 0.020312 0.018056
0 0.399219 0.165278 0.020312 0.019444
0 0.420312 0.158333 0.020312 0.022222
0 0.446875 0.152778 0.017188 0.013889
0 0.481641 0.140278 0.019531 0.019444
0 0.507031 0.131250 0.015625 0.020833
1 0.175391 0.210417 0.021094 0.031944
1 0.634766 0.194444 0.021094 0.016667
1 0.581250 0.190278 0.025000 0.013889
1 0.856250 0.096528 0.032812 0.026389
2 0.465234 0.623611 0.069531 0.069444
