2 0.612891 0.121528 0.017969 0.029167
0 0.100000 0.815972 0.031250 0.043056
0 0.170312 0.437500 0.021875 0.033333
0 0.290625 0.410417 0.017188 0.029167
0 0.371875 0.497917 0.023438 0.029167
0 0.514063 0.194444 0.010937 0.013889
0 0.581250 0.090278 0.009375 0.011111
0 0.630469 0.063194 0.009375 0.009722
0 0.935156 0.155556 0.014062 0.013889
0 0.906641 0.231250 0.011719 0.015278
0 0.562109 0.143750 0.013281 0.015278
1 0.174609 0.888889 0.041406 0.061111
1 0.635938 0.847222 0.029687 0.044444
1 0.664453 0.458333 0.011719 0.033333
1 0.780859 0.279861 0.021094 0.026389
