2 0.242969 0.212500 0.023438 0.063889
1 0.555469 0.320139 0.025000 0.026389
1 0.140625 0.193750 0.028125 0.029167
1 0.316016 0.184722 0.033594 0.022222
0 0.225781 0.904167 0.043750 0.050000
0 0.296484 0.828472 0.032031 0.037500
0 0.047266 0.674306 0.027344 0.034722
0 0.103906 0.595139 0.025000 0.045833
0 0.210156 0.373611 0.012500 0.025000
0 0.093359 0.225000 0.021094 0.022222
0 0.242188 0.124306 0.012500 0.026389
0 0.231250 0.098611 0.012500 0.019444
0 0.222656 0.075694 0.009375 0.015278
0 0.214062 0.059722 0.010937 0.019444
0 0.204688 0.039583 0.009375 0.015278
0 0.188281 0.038889 0.010937 0.013889
0 0.484766 0.126389 0.019531 0.019444
0 0.457031 0.134028 0.017188 0.018056
0 0.435937 0.142361 0.017188 0.020833
0 0.410156 0.151389 0.017188 0.016667
0 0.388672 0.157639 0.017969 0.018056
0 0.367188 0.165278 0.021875 0.022222
0 0.343359 0.172917 0.021094 0.020833
0 0.293750 0.172222 0.015625 0.022222
0 0.331641 0.275000 0.021094 0.022222
0 0.351172 0.279167 0.019531 0.027778
0 0.383203 0.244444 0.024219 0.011111
0 0.401953 0.319444 0.022656 0.022222
0 0.450391 0.369444 0.022656 0.019444
0 0.454688 0.243750 0.017188 0.018056
0 0.471484 0.224306 0.016406 0.015278
0 0.503125 0.272222 0.015625 0.013889
0 0.596484 0.301389 0.021094 0.022222
0 0.579297 0.277083 0.017969 0.020833
0 0.594141 0.165278 0.017969 0.016667
0 0.621484 0.199306 0.016406 0.018056
0 0.653125 0.184722 0.015625 0.030556
0 0.659766 0.135417 0.016406 0.018056
0 0.657812 0.081250 0.017188 0.015278
0 0.713281 0.159722 0.015625 0.013889
0 0.786719 0.086111 0.020312 0.011111
0 0.810938 0.093750 0.021875 0.018056
0 0.857813 0.045139 0.017188 0.020833
0 0.875000 0.145833 0.014062 0.013889
0 0.883984 0.105556 0.016406 0.013889
0 0.918359 0.023611 0.014844 0.013889
0 0.939844 0.029861 0.018750 0.012500
0 0.770703 0.394444 0.019531 0.022222
0 0.751953 0.355556 0.014844 0.030556
0 0.674609 0.430556 0.019531 0.030556
0 0.659375 0.507639 0.023438 0.023611
0 0.578516 0.504167 0.027344 0.030556
0 0.456641 0.634028 0.027344 0.031944
