0 0.500000 0.689583 0.028125 0.031944
0 0.300781 0.205556 0.012500 0.025000
0 0.326953 0.173611 0.016406 0.016667
0 0.296484 0.170139 0.011719 0.023611
0 0.291016 0.149306 0.011719 0.018056
0 0.282422 0.129167 0.014844 0.025000
0 0.273828 0.105556 0.011719 0.019444
0 0.260547 0.073611 0.014844 0.022222
0 0.250000 0.046528 0.010937 0.018056
0 0.244141 0.029861 0.008594 0.015278
0 0.193750 0.177083 0.014062 0.023611
0 0.186328 0.380556 0.010156 0.033333
0 0.078906 0.447917 0.023438 0.023611
0 0.050000 0.725000 0.028125 0.052778
0 0.183203 0.886111 0.030469 0.050000
0 0.237891 0.369444 0.011719 0.027778
0 0.251172 0.316667 0.016406 0.027778
0 0.374609 0.170833 0.019531 0.022222
0 0.398828 0.168056 0.019531 0.016667
0 0.420312 0.160417 0.018750 0.015278
0 0.446484 0.153472 0.016406 0.015278
0 0.478125 0.140972 0.017188 0.018056
0 0.502344 0.135417 0.015625 0.015278
0 0.427734 0.261111 0.019531 0.019444
0 0.429688 0.306944 0.018750 0.019444
0 0.366797 0.345139 0.021094 0.020833
0 0.469922 0.309722 0.021094 0.022222
0 0.541797 0.218750 0.016406 0.018056
0 0.555078 0.224306 0.019531 0.020833
0 0.695312 0.334722 0.021875 0.025000
0 0.701953 0.448611 0.021094 0.022222
0 0.978906 0.439583 0.020312 0.034722
0 0.872266 0.232639 0.014844 0.023611
0 0.791797 0.187500 0.019531 0.016667
0 0.734766 0.194444 0.019531 0.019444
0 0.841016 0.116667 0.014844 0.011111
0 0.848047 0.091667 0.017969 0.016667
0 0.959375 0.065278 0.018750 0.013889
0 0.971484 0.042361 0.013281 0.012500
0 0.992969 0.097917 0.012500 0.012500
0 0.930469 0.126389 0.014062 0.011111
0 0.983984 0.073611 0.017969 0.016667
0 0.881641 0.148611 0.016406 0.013889
0 0.894141 0.070833 0.016406 0.013889
1 0.417578 0.243750 0.025781 0.018056
1 0.163281 0.291667 0.014062 0.036111
1 0.492969 0.245833 0.028125 0.016667
1 0.752734 0.135417 0.038281 0.031944
2 0.404297 0.647917 0.077344 0.059722
