2 0.601953 0.850000 0.047656 0.072222
1 0.064453 0.740972 0.077344 0.106944
1 0.554688 0.165278 0.034375 0.052778
0 0.147656 0.439583 0.017188 0.026389
0 0.251953 0.340278 0.022656 0.022222
0 0.289062 0.375000 0.014062 0.030556
0 0.150391 0.479861 0.022656 0.029167
0 0.205469 0.642361 0.025000 0.034722
0 0.173047 0.610417 0.022656 0.029167
0 0.408594 0.290278 0.015625 0.022222
0 0.428516 0.285417 0.016406 0.026389
0 0.602344 0.106944 0.010937 0.013889
0 0.669141 0.155556 0.013281 0.016667
0 0.758594 0.276389 0.014062 0.013889
0 0.796094 0.275694 0.017188 0.020833
0 0.850000 0.262500 0.012500 0.019444
0 0.869531 0.235417 0.012500 0.015278
0 0.638281 0.046528 0.007812 0.012500
0 0.610547 0.035417 0.008594 0.012500
0 0.590625 0.052778 0.009375 0.011111
0 0.571875 0.068750 0.012500 0.018056
0 0.537500 0.078472 0.014062 0.012500
0 0.542188 0.127083 0.010937 0.015278
0 0.039062 0.945833 0.037500 0.055556
