2 0.230078 0.013889 0.014844 0.022222
2 0.931641 0.412500 0.064844 0.063889
1 0.182031 0.178472 0.026563 0.026389
1 0.383594 0.188889 0.028125 0.022222
1 0.842578 0.154167 0.021094 0.016667
1 0.825391 0.113889 0.017969 0.016667
1 0.833984 0.099306 0.016406 0.018056
0 0.012891 0.923611 0.019531 0.061111
0 0.107813 0.349306 0.020312 0.018056
0 0.064062 0.260417 0.020312 0.020833
0 0.118750 0.225694 0.023438 0.023611
0 0.215234 0.161111 0.021094 0.016667
0 0.288281 0.241667 0.015625 0.025000
0 0.177344 0.304167 0.015625 0.030556
0 0.208203 0.136806 0.014844 0.018056
0 0.223047 0.109028 0.014844 0.018056
0 0.267188 0.101389 0.012500 0.019444
0 0.282422 0.140972 0.011719 0.018056
0 0.290234 0.160417 0.013281 0.020833
0 0.308594 0.172917 0.021875 0.015278
0 0.325000 0.195139 0.015625 0.015278
0 0.275781 0.185417 0.014062 0.026389
0 0.372266 0.336806 0.024219 0.026389
0 0.437500 0.312500 0.021875 0.016667
0 0.446094 0.264583 0.018750 0.018056
0 0.408203 0.172917 0.021094 0.020833
0 0.435547 0.168056 0.021094 0.016667
0 0.455859 0.154167 0.017969 0.019444
0 0.544531 0.215972 0.021875 0.018056
0 0.657031 0.106944 0.018750 0.013889
0 0.617969 0.241667 0.020312 0.022222
0 0.636719 0.198611 0.020312 0.022222
0 0.690625 0.176389 0.017188 0.016667
0 0.739453 0.145833 0.016406 0.022222
0 0.498437 0.699306 0.026563 0.031944
0 0.583594 0.562500 0.028125 0.033333
0 0.671484 0.483333 0.025781 0.030556
0 0.730078 0.398611 0.014844 0.044444
0 0.747656 0.520139 0.029687 0.023611
0 0.860547 0.556250 0.027344 0.031944
0 0.909375 0.040278 0.020312 0.013889
0 0.970312 0.026389 0.012500 0.008333
0 0.944531 0.107639 0.010937 0.015278
0 0.960938 0.044444 0.014062 0.011111
