0 0.050781 0.709722 0.028125 0.047222
0 0.026953 0.862500 0.039844 0.047222
0 0.353516 0.815972 0.028906 0.034722
0 0.651172 0.553472 0.027344 0.029167
0 0.683594 0.473611 0.025000 0.033333
0 0.748047 0.518056 0.027344 0.019444
0 0.792969 0.171528 0.017188 0.018056
0 0.826953 0.123611 0.016406 0.019444
0 0.876172 0.104167 0.016406 0.013889
0 0.909766 0.076389 0.016406 0.013889
0 0.948438 0.105556 0.017188 0.016667
0 0.665625 0.322222 0.025000 0.025000
0 0.725391 0.389583 0.014844 0.031944
0 0.417188 0.279167 0.020312 0.022222
0 0.494922 0.223611 0.021094 0.019444
0 0.386328 0.332639 0.022656 0.023611
0 0.076172 0.437500 0.022656 0.027778
0 0.073437 0.390972 0.023438 0.023611
0 0.071094 0.261806 0.021875 0.023611
0 0.126172 0.219444 0.019531 0.022222
0 0.174219 0.211806 0.014062 0.026389
0 0.165625 0.190972 0.018750 0.023611
0 0.267188 0.104167 0.010937 0.019444
0 0.254687 0.072917 0.009375 0.015278
0 0.241406 0.047222 0.009375 0.016667
0 0.221484 0.061806 0.007031 0.018056
0 0.224219 0.101389 0.010937 0.011111
0 0.261719 0.165278 0.014062 0.019444
0 0.277344 0.223611 0.012500 0.022222
0 0.277734 0.185417 0.013281 0.026389
0 0.298828 0.217361 0.014844 0.012500
0 0.287109 0.236111 0.016406 0.022222
0 0.293359 0.169444 0.014844 0.019444
0 0.285156 0.148611 0.012500 0.025000
0 0.380078 0.179167 0.017969 0.016667
0 0.407422 0.170833 0.021094 0.019444
0 0.433984 0.159722 0.021094 0.016667
0 0.680469 0.186806 0.017188 0.018056
0 0.799219 0.072917 0.017188 0.015278
1 0.233203 0.160417 0.025781 0.020833
1 0.474219 0.161806 0.028125 0.020833
1 0.657422 0.230556 0.021094 0.016667
1 0.745313 0.149306 0.020312 0.018056
1 0.981250 0.044444 0.017188 0.019444
2 0.228516 0.011111 0.013281 0.019444
2 0.985156 0.450000 0.028125 0.052778
