0 0.039844 0.947222 0.040625 0.058333
0 0.138281 0.674306 0.026563 0.043056
0 0.400391 0.753472 0.017969 0.048611
0 0.048437 0.529861 0.023438 0.034722
0 0.138672 0.406944 0.019531 0.027778
0 0.281641 0.318056 0.019531 0.019444
0 0.431250 0.270833 0.014062 0.019444
0 0.457812 0.306250 0.014062 0.020833
0 0.560547 0.562500 0.027344 0.027778
0 0.619922 0.527778 0.021094 0.033333
0 0.671094 0.641667 0.015625 0.030556
0 0.642187 0.218750 0.017188 0.012500
0 0.596875 0.220139 0.015625 0.012500
0 0.486719 0.211806 0.012500 0.020833
0 0.517187 0.167361 0.014062 0.020833
0 0.790625 0.264583 0.018750 0.015278
0 0.821484 0.259028 0.017969 0.015278
0 0.867578 0.224306 0.013281 0.015278
0 0.916016 0.157639 0.011719 0.012500
0 0.576953 0.062500 0.007031 0.013889
0 0.625391 0.048611 0.008594 0.011111
0 0.601953 0.034722 0.007031 0.013889
0 0.585547 0.034722 0.008594 0.013889
1 0.558203 0.090972 0.016406 0.029167
2 0.388281 0.628472 0.031250 0.068056
