0 0.094922 0.784028 0.030469 0.040278
0 0.037891 0.293750 0.017969 0.018056
0 0.535156 0.143056 0.012500 0.016667
0 0.457812 0.899306 0.032812 0.051389
0 0.353906 0.574306 0.021875 0.037500
0 0.592969 0.580556 0.023438 0.027778
0 0.653516 0.464583 0.014844 0.034722
0 0.777734 0.190278 0.017969 0.013889
0 0.836328 0.189583 0.016406 0.015278
0 0.721484 0.228472 0.011719 0.020833
0 0.728906 0.201389 0.017188 0.016667
0 0.662891 0.050000 0.010156 0.011111
1 0.502344 0.187500 0.015625 0.019444
1 0.714453 0.202778 0.017969 0.008333
