2 0.578906 0.536806 0.060938 0.068056
1 0.238281 0.163889 0.028125 0.019444
1 0.824219 0.121528 0.020312 0.018056
1 0.788281 0.111806 0.021875 0.018056
1 0.986719 0.038194 0.025000 0.020833
1 0.546094 0.224306 0.023438 0.023611
0 0.155469 0.897222 0.037500 0.033333
0 0.199219 0.594444 0.032812 0.027778
0 0.037109 0.447222 0.032031 0.033333
0 0.048828 0.260417 0.028906 0.026389
0 0.096094 0.219444 0.026563 0.025000
0 0.172266 0.210417 0.016406 0.026389
0 0.234375 0.110417 0.012500 0.020833
0 0.242578 0.031944 0.010156 0.013889
0 0.251953 0.056250 0.010156 0.015278
0 0.268750 0.093750 0.010937 0.018056
0 0.277344 0.116667 0.009375 0.013889
0 0.300000 0.207639 0.014062 0.020833
0 0.326953 0.170833 0.019531 0.013889
0 0.349219 0.176389 0.015625 0.013889
0 0.373828 0.171528 0.021094 0.018056
0 0.400000 0.165278 0.020312 0.019444
0 0.426172 0.158333 0.019531 0.019444
0 0.456250 0.148611 0.018750 0.019444
0 0.501953 0.135417 0.019531 0.020833
0 0.532422 0.126389 0.016406 0.013889
0 0.413672 0.270833 0.019531 0.022222
0 0.447656 0.318056 0.018750 0.022222
0 0.307422 0.347222 0.022656 0.025000
0 0.270312 0.550000 0.020312 0.033333
0 0.305078 0.615972 0.028906 0.037500
0 0.490234 0.368750 0.019531 0.018056
0 0.552344 0.265278 0.017188 0.019444
0 0.638672 0.315972 0.019531 0.018056
0 0.608203 0.257639 0.019531 0.018056
0 0.611328 0.225000 0.017969 0.019444
0 0.663281 0.172222 0.018750 0.019444
0 0.667188 0.186806 0.020312 0.020833
0 0.674219 0.233333 0.017188 0.022222
0 0.766797 0.134028 0.016406 0.018056
0 0.752734 0.200694 0.017969 0.020833
0 0.811328 0.163889 0.014844 0.016667
0 0.850781 0.101389 0.014062 0.016667
0 0.880469 0.100694 0.015625 0.015278
0 0.978516 0.441667 0.024219 0.036111
0 0.976172 0.610417 0.028906 0.026389
