1 0.253516 0.265972 0.022656 0.029167
1 0.577734 0.206944 0.022656 0.025000
1 0.535937 0.210417 0.023438 0.023611
1 0.775781 0.144444 0.021875 0.019444
1 0.871875 0.049306 0.020312 0.018056
0 0.061328 0.742361 0.027344 0.048611
0 0.207813 0.904861 0.040625 0.045833
0 0.377734 0.799306 0.036719 0.040278
0 0.306641 0.683333 0.028906 0.027778
0 0.243359 0.636111 0.035156 0.033333
0 0.148047 0.202778 0.022656 0.025000
0 0.212500 0.168056 0.018750 0.016667
0 0.225000 0.134722 0.015625 0.022222
0 0.258203 0.168056 0.017969 0.016667
0 0.253125 0.304861 0.015625 0.029167
0 0.227734 0.311806 0.016406 0.029167
0 0.286328 0.243750 0.016406 0.023611
0 0.295312 0.181250 0.010937 0.018056
0 0.274609 0.129861 0.014844 0.023611
0 0.263672 0.102083 0.011719 0.015278
0 0.323047 0.183333 0.022656 0.022222
0 0.353906 0.182639 0.018750 0.015278
0 0.405078 0.172222 0.021094 0.019444
0 0.432422 0.163889 0.019531 0.019444
0 0.454297 0.155556 0.016406 0.019444
0 0.405078 0.409722 0.021094 0.027778
0 0.451562 0.307639 0.020312 0.020833
0 0.534766 0.277083 0.019531 0.020833
0 0.529688 0.252083 0.015625 0.006944
0 0.614062 0.323611 0.023438 0.019444
0 0.851562 0.536111 0.023438 0.044444
0 0.893359 0.569444 0.028906 0.041667
0 0.978125 0.618056 0.028125 0.022222
0 0.883203 0.201389 0.017969 0.022222
0 0.920313 0.115972 0.015625 0.015278
0 0.873438 0.080556 0.015625 0.016667
0 0.807813 0.122917 0.014062 0.015278
0 0.680859 0.168056 0.017969 0.019444
0 0.539453 0.141667 0.017969 0.016667
0 0.730078 0.163194 0.017969 0.018056
0 0.971875 0.148611 0.015625 0.013889
0 0.632031 0.239583 0.018750 0.018056
